3 0.584635 0.442130 0.021354 0.100926
1 0.926302 0.549537 0.030729 0.119444
2 0.786979 0.576852 0.027083 0.122222
0 0.439583 0.528704 0.018229 0.029167
2 0.496615 0.466667 0.035937 0.081481
1 0.738281 0.456944 0.027604 0.100926
2 0.726823 0.374537 0.025521 0.080556
1 0.920312 0.406944 0.021875 0.091667
2 0.817969 0.408333 0.028646 0.087037
2 0.901302 0.446296 0.033854 0.094444
2 0.913802 0.501389 0.038021 0.113889
1 0.757031 0.353241 0.024479 0.078704
2 0.414323 0.449074 0.027604 0.083333
2 0.172135 0.704167 0.046354 0.173148
1 0.368750 0.854167 0.047917 0.178704
1 0.370052 0.501852 0.047396 0.096296
2 0.309375 0.515278 0.034375 0.100926
1 0.222917 0.386111 0.029167 0.079630
