3 0.636979 0.458333 0.020833 0.098148
1 0.969010 0.561574 0.028646 0.121296
2 0.819010 0.592593 0.027604 0.125926
0 0.362760 0.512037 0.017318 0.025926
2 0.573958 0.452315 0.038542 0.089815
1 0.796615 0.451852 0.030729 0.090741
2 0.786458 0.379167 0.025000 0.078704
1 0.967448 0.402778 0.023438 0.087037
2 0.895833 0.409259 0.029167 0.087037
2 0.993229 0.497685 0.011458 0.095370
1 0.819271 0.357407 0.025000 0.075926
2 0.420312 0.452315 0.027083 0.082407
2 0.229948 0.705556 0.044271 0.170370
1 0.383073 0.857407 0.042188 0.185185
1 0.342448 0.499074 0.043229 0.100000
2 0.301042 0.535648 0.036458 0.113889
1 0.210156 0.399074 0.029687 0.081481
