3 0.521354 0.432407 0.022917 0.088889
1 0.873698 0.537500 0.024479 0.123148
2 0.742708 0.557870 0.026042 0.123148
0 0.469531 0.525926 0.015495 0.025926
2 0.450781 0.484722 0.040104 0.097222
1 0.666667 0.451852 0.030208 0.103704
2 0.667969 0.368056 0.022396 0.082407
1 0.855469 0.403704 0.023438 0.092593
2 0.745833 0.410648 0.025000 0.082407
2 0.797656 0.452315 0.030729 0.100926
2 0.821094 0.491204 0.040104 0.117593
1 0.683594 0.351389 0.023438 0.082407
2 0.400000 0.445833 0.027083 0.086111
2 0.091146 0.702315 0.040625 0.180556
1 0.344792 0.849537 0.044792 0.182407
1 0.412240 0.493519 0.043229 0.100000
2 0.319792 0.501389 0.032292 0.104630
1 0.217708 0.377315 0.027083 0.076852
