3 0.631510 0.455093 0.019271 0.099074
1 0.966667 0.560185 0.027083 0.120370
2 0.818490 0.588426 0.027604 0.123148
0 0.377344 0.506481 0.017318 0.025926
2 0.570312 0.452315 0.040625 0.089815
1 0.791667 0.452778 0.035417 0.090741
2 0.781771 0.379630 0.025000 0.077778
1 0.964063 0.403241 0.021875 0.086111
2 0.888802 0.408796 0.030729 0.086111
2 0.987760 0.445370 0.023438 0.094444
2 0.989844 0.498611 0.018229 0.099074
1 0.815365 0.356944 0.027604 0.076852
2 0.420833 0.452778 0.028125 0.079630
2 0.224479 0.704167 0.043750 0.167593
1 0.383073 0.856019 0.042188 0.187963
1 0.347135 0.497222 0.047396 0.103704
2 0.307292 0.531944 0.038542 0.110185
1 0.215625 0.396296 0.029167 0.081481
