3 0.542188 0.435648 0.019792 0.093519
1 0.892188 0.541667 0.026042 0.122222
2 0.756771 0.564352 0.027083 0.126852
0 0.461719 0.519444 0.015495 0.025926
2 0.461719 0.477778 0.038021 0.090741
1 0.689583 0.454630 0.032292 0.101852
2 0.684635 0.370370 0.024479 0.083333
1 0.877865 0.405556 0.024479 0.092593
2 0.765104 0.412500 0.029167 0.080556
2 0.831510 0.450000 0.031771 0.098148
2 0.852344 0.493519 0.035937 0.116667
1 0.707812 0.351389 0.023958 0.084259
2 0.401823 0.447222 0.030729 0.083333
2 0.114323 0.701389 0.041146 0.178704
1 0.352604 0.850000 0.041667 0.181481
1 0.397656 0.498148 0.038021 0.096296
2 0.317969 0.504167 0.030729 0.102778
1 0.219531 0.379167 0.026562 0.078704
