3 0.607292 0.444907 0.021875 0.104630
1 0.944010 0.554630 0.028646 0.122222
2 0.803385 0.583333 0.025521 0.124074
0 0.423177 0.508333 0.017318 0.025926
2 0.527865 0.457407 0.035937 0.085185
1 0.764583 0.452778 0.027083 0.100000
2 0.750781 0.376852 0.028646 0.083333
1 0.942969 0.408333 0.021354 0.090741
2 0.849219 0.407870 0.026562 0.086111
2 0.942708 0.443519 0.032292 0.094444
2 0.945573 0.501852 0.041146 0.111111
1 0.783854 0.354167 0.022917 0.078704
2 0.418490 0.449074 0.029687 0.081481
2 0.199479 0.705093 0.048958 0.176852
1 0.381250 0.851389 0.044792 0.180556
1 0.362500 0.501389 0.039583 0.100926
2 0.305990 0.520833 0.038021 0.102778
1 0.224740 0.390278 0.027604 0.080556
