3 0.667969 0.475000 0.033854 0.098148
1 0.983333 0.574074 0.032292 0.122222
2 0.815885 0.616667 0.027604 0.129630
0 0.333854 0.537037 0.020052 0.035648
2 0.604688 0.447222 0.023958 0.094444
1 0.822396 0.450463 0.029167 0.091667
2 0.813281 0.382870 0.022396 0.082407
1 0.977083 0.397222 0.019792 0.085185
2 0.939323 0.414815 0.028646 0.088889
1 0.844271 0.360648 0.021875 0.076852
2 0.406510 0.461574 0.021354 0.089815
2 0.255729 0.723611 0.038542 0.175000
1 0.358073 0.874537 0.045312 0.189815
1 0.287240 0.509259 0.042188 0.101852
2 0.247396 0.567593 0.034375 0.124074
1 0.139063 0.420370 0.026042 0.088889
