3 0.623698 0.451852 0.020313 0.103704
1 0.958594 0.556944 0.027604 0.123148
2 0.814323 0.588426 0.025521 0.123148
0 0.398698 0.502778 0.017318 0.025926
2 0.555469 0.452778 0.039062 0.090741
1 0.783333 0.452315 0.030208 0.093519
2 0.770833 0.378241 0.023958 0.082407
1 0.958333 0.404630 0.021875 0.088889
2 0.876042 0.408796 0.028125 0.086111
2 0.971354 0.444444 0.027083 0.094444
2 0.978125 0.500926 0.042708 0.111111
1 0.804427 0.356481 0.024479 0.077778
2 0.419271 0.450926 0.033333 0.081481
2 0.217708 0.702778 0.044792 0.174074
1 0.384115 0.855093 0.044271 0.180556
1 0.355990 0.499074 0.042188 0.103704
2 0.305208 0.529167 0.042708 0.110185
1 0.219792 0.395370 0.025000 0.081481
