3 0.516927 0.431944 0.023438 0.089815
1 0.869531 0.536574 0.024479 0.123148
2 0.739844 0.556019 0.025521 0.123148
0 0.473177 0.528704 0.015495 0.025926
2 0.448437 0.487500 0.041667 0.099074
1 0.661719 0.452315 0.029687 0.102778
2 0.664323 0.366667 0.022396 0.081481
1 0.849219 0.404630 0.022396 0.092593
2 0.742188 0.410648 0.023958 0.084259
2 0.789583 0.452778 0.031250 0.103704
2 0.813802 0.490278 0.035937 0.117593
1 0.677083 0.351852 0.020833 0.083333
2 0.399479 0.447222 0.026042 0.087037
2 0.086198 0.702778 0.041146 0.181481
1 0.342187 0.849537 0.045833 0.182407
1 0.417708 0.492130 0.045833 0.100926
2 0.319531 0.501389 0.031771 0.104630
1 0.216406 0.375463 0.026562 0.076852
