3 0.650000 0.466204 0.028125 0.093519
1 0.979688 0.568056 0.031250 0.123148
2 0.820573 0.605093 0.027604 0.125000
0 0.352344 0.512037 0.017318 0.025926
2 0.585677 0.449074 0.028646 0.090741
1 0.814844 0.452778 0.024479 0.090741
2 0.802604 0.381481 0.016667 0.081481
1 0.977083 0.398148 0.017708 0.083333
2 0.920833 0.409722 0.034375 0.086111
1 0.835417 0.360185 0.022917 0.075926
2 0.415365 0.454630 0.022396 0.087037
2 0.244531 0.711574 0.039062 0.167593
1 0.374479 0.861111 0.039583 0.183333
1 0.318490 0.502778 0.038021 0.098148
2 0.276823 0.547685 0.031771 0.117593
1 0.184635 0.407407 0.032813 0.083333
