3 0.553906 0.438889 0.017188 0.098148
1 0.903385 0.544444 0.027604 0.122222
2 0.765625 0.568981 0.028125 0.130556
0 0.453125 0.527778 0.018229 0.029167
2 0.469010 0.474074 0.038021 0.087037
1 0.703125 0.457407 0.034375 0.100000
2 0.694531 0.371759 0.025521 0.084259
1 0.889844 0.407870 0.024479 0.091667
2 0.776823 0.413426 0.031771 0.080556
2 0.851302 0.448611 0.032813 0.099074
2 0.870573 0.496759 0.027604 0.117593
1 0.720573 0.351852 0.021354 0.085185
2 0.403125 0.450000 0.032292 0.083333
2 0.128125 0.702315 0.042708 0.178704
1 0.356510 0.851389 0.040104 0.180556
1 0.391146 0.501389 0.036458 0.095370
2 0.316146 0.507407 0.029167 0.101852
1 0.219792 0.378704 0.025000 0.081481
