3 0.562500 0.440741 0.018750 0.098148
1 0.909635 0.545833 0.029687 0.121296
2 0.771354 0.571759 0.028125 0.126852
0 0.452083 0.527778 0.018229 0.029167
2 0.475260 0.472685 0.038021 0.084259
1 0.712760 0.457870 0.031771 0.099074
2 0.703385 0.371759 0.023438 0.082407
1 0.898438 0.406944 0.023958 0.091667
2 0.788281 0.412037 0.030729 0.083333
2 0.867969 0.448148 0.031771 0.096296
2 0.880990 0.497222 0.034896 0.114815
1 0.731250 0.352315 0.022917 0.082407
2 0.406771 0.449537 0.031250 0.084259
2 0.141146 0.702315 0.042708 0.175000
1 0.358854 0.852778 0.043750 0.179630
1 0.384115 0.502315 0.043229 0.095370
2 0.314063 0.510185 0.032292 0.101852
1 0.220312 0.381944 0.026042 0.080556
