3 0.642969 0.462037 0.022396 0.096296
1 0.972135 0.563426 0.030729 0.123148
2 0.820052 0.598148 0.027604 0.129630
0 0.357552 0.512963 0.017318 0.025926
2 0.579688 0.452315 0.036458 0.089815
1 0.803125 0.452315 0.025000 0.091667
2 0.792969 0.377778 0.024479 0.079630
1 0.971615 0.401852 0.024479 0.088889
2 0.905208 0.409722 0.027083 0.087963
1 0.825000 0.357407 0.020833 0.074074
2 0.419531 0.450926 0.025521 0.085185
2 0.237240 0.707870 0.045312 0.173148
1 0.384115 0.858796 0.042188 0.182407
1 0.336458 0.500000 0.038542 0.094444
2 0.292448 0.541204 0.033854 0.117593
1 0.202865 0.401389 0.030729 0.080556
