3 0.627083 0.452778 0.019792 0.101852
1 0.961719 0.558333 0.027604 0.122222
2 0.815885 0.588426 0.026562 0.123148
0 0.387760 0.504630 0.017318 0.025926
2 0.561458 0.452778 0.039583 0.090741
1 0.786979 0.452778 0.032292 0.092593
2 0.775260 0.379167 0.024479 0.080556
1 0.960417 0.403704 0.021875 0.087037
2 0.881250 0.408796 0.029167 0.086111
2 0.977344 0.444444 0.025521 0.094444
2 0.983333 0.500463 0.032292 0.106481
1 0.808594 0.356481 0.025521 0.077778
2 0.419792 0.451852 0.031250 0.081481
2 0.220573 0.703241 0.044271 0.171296
1 0.384115 0.856019 0.044271 0.180556
1 0.352344 0.498148 0.044271 0.103704
2 0.305990 0.530093 0.041146 0.110185
1 0.217969 0.395370 0.026562 0.081481
