3 0.695833 0.479630 0.033333 0.100000
1 0.984375 0.580093 0.030208 0.128704
2 0.803125 0.633796 0.028125 0.130556
0 0.287500 0.481481 0.020052 0.035648
2 0.617448 0.452778 0.031771 0.098148
1 0.828906 0.449074 0.025521 0.094444
2 0.824219 0.379630 0.024479 0.074074
1 0.972135 0.395370 0.023438 0.085185
2 0.959375 0.416204 0.030208 0.089815
1 0.848177 0.361574 0.023438 0.078704
2 0.397656 0.469907 0.022396 0.093519
2 0.264583 0.738426 0.043750 0.176852
1 0.330990 0.887963 0.045312 0.192593
1 0.248698 0.514815 0.033854 0.107407
2 0.214844 0.596759 0.033854 0.137963
1 0.071615 0.433333 0.029687 0.087037
