3 0.660417 0.473611 0.027083 0.100926
1 0.984375 0.571759 0.030208 0.117593
2 0.820052 0.612500 0.026562 0.136111
0 0.345313 0.523611 0.020052 0.030787
2 0.596875 0.442593 0.022917 0.100000
1 0.819792 0.451389 0.029167 0.091667
2 0.809635 0.381481 0.029687 0.081481
1 0.978125 0.398148 0.019792 0.083333
2 0.930990 0.416667 0.022396 0.088889
1 0.841146 0.358796 0.023958 0.078704
2 0.409635 0.459259 0.022396 0.087037
2 0.251563 0.719444 0.036458 0.168519
1 0.365885 0.869444 0.045312 0.192593
1 0.306250 0.508333 0.040625 0.100000
2 0.259115 0.560185 0.033854 0.122222
1 0.159115 0.415741 0.025521 0.087037
