3 0.652865 0.468056 0.027604 0.095370
1 0.980990 0.568981 0.030729 0.121296
2 0.820312 0.607407 0.027083 0.127778
0 0.348958 0.517130 0.018229 0.027546
2 0.589063 0.447685 0.027083 0.093519
1 0.816146 0.451852 0.026042 0.090741
2 0.804688 0.381481 0.020833 0.081481
1 0.977344 0.398148 0.018229 0.083333
2 0.924219 0.412037 0.030729 0.087037
1 0.836979 0.359722 0.022917 0.076852
2 0.413802 0.455556 0.022396 0.087037
2 0.246615 0.713889 0.038021 0.168519
1 0.372656 0.861111 0.039062 0.183333
1 0.314844 0.504630 0.039062 0.098148
2 0.270833 0.552315 0.032292 0.119444
1 0.176823 0.409722 0.030729 0.084259
