3 0.629948 0.454630 0.019271 0.100000
1 0.965104 0.559722 0.027083 0.121296
2 0.817708 0.588426 0.027083 0.123148
0 0.380469 0.505556 0.017318 0.025926
2 0.567448 0.452315 0.040104 0.089815
1 0.790104 0.452778 0.034375 0.090741
2 0.779687 0.379167 0.025000 0.078704
1 0.963021 0.403241 0.021875 0.086111
2 0.886458 0.408796 0.030208 0.086111
2 0.983594 0.444444 0.024479 0.094444
2 0.986458 0.499537 0.025000 0.102778
1 0.813021 0.357407 0.027083 0.077778
2 0.420833 0.453241 0.029167 0.080556
2 0.223438 0.703704 0.043750 0.168519
1 0.384635 0.856944 0.044271 0.180556
1 0.348698 0.498148 0.046354 0.103704
2 0.307031 0.531019 0.039062 0.110185
1 0.216146 0.396296 0.028125 0.081481
