3 0.683073 0.481019 0.023438 0.100926
1 0.986719 0.575463 0.025521 0.125000
2 0.807292 0.627315 0.028125 0.128704
0 0.306771 0.497222 0.020052 0.035648
2 0.611979 0.450000 0.037500 0.092593
1 0.828125 0.448611 0.029167 0.091667
2 0.820312 0.380093 0.032292 0.082407
1 0.975260 0.396759 0.024479 0.084259
2 0.952344 0.414815 0.028646 0.088889
1 0.848177 0.359259 0.024479 0.079630
2 0.400521 0.465278 0.019792 0.093519
2 0.261198 0.733333 0.040104 0.168519
1 0.342448 0.878704 0.046354 0.185185
1 0.262760 0.509259 0.029687 0.109259
2 0.229948 0.582407 0.034896 0.129630
1 0.097135 0.424537 0.034896 0.082407
