3 0.508594 0.431019 0.024479 0.089815
1 0.863281 0.535648 0.024479 0.123148
2 0.734115 0.553241 0.024479 0.123148
0 0.474219 0.530093 0.015495 0.027546
2 0.444271 0.490278 0.043750 0.100926
1 0.653125 0.451852 0.029167 0.101852
2 0.657292 0.364352 0.021875 0.080556
1 0.839583 0.407407 0.020833 0.092593
2 0.735938 0.410185 0.022917 0.087037
2 0.776563 0.454167 0.031250 0.106481
2 0.802083 0.489815 0.029167 0.118519
1 0.666146 0.351852 0.016667 0.083333
2 0.398698 0.449537 0.024479 0.089815
2 0.077604 0.704630 0.042708 0.183333
1 0.338281 0.850463 0.047396 0.182407
1 0.426042 0.489815 0.050000 0.103704
2 0.319010 0.500926 0.030729 0.103704
1 0.215104 0.372685 0.026042 0.078704
