3 0.665885 0.474537 0.031771 0.099074
1 0.983594 0.573148 0.031771 0.120370
2 0.817187 0.614815 0.027083 0.131481
0 0.337500 0.532870 0.020052 0.034028
2 0.601823 0.446296 0.023438 0.096296
1 0.821875 0.450463 0.029167 0.091667
2 0.812240 0.381944 0.024479 0.082407
1 0.977604 0.396759 0.019792 0.084259
2 0.936719 0.415741 0.026562 0.088889
1 0.842969 0.360185 0.022396 0.077778
2 0.407292 0.461111 0.021875 0.088889
2 0.254167 0.722685 0.037500 0.173148
1 0.360938 0.873611 0.045833 0.191667
1 0.293229 0.508796 0.041667 0.100926
2 0.250781 0.565278 0.033854 0.123148
1 0.144792 0.419444 0.027083 0.088889
