3 0.597135 0.442593 0.022396 0.103704
1 0.935937 0.552778 0.029167 0.120370
2 0.796094 0.579167 0.026562 0.123148
0 0.428906 0.515278 0.017318 0.027546
2 0.512500 0.461574 0.034375 0.080556
1 0.752865 0.454167 0.026562 0.102778
2 0.740104 0.375463 0.031250 0.080556
1 0.932292 0.409259 0.020833 0.090741
2 0.834375 0.406944 0.027083 0.086111
2 0.913802 0.445370 0.035937 0.094444
2 0.933594 0.504167 0.034896 0.115741
1 0.771875 0.352315 0.023958 0.078704
2 0.418229 0.449074 0.025000 0.081481
2 0.187500 0.706481 0.050000 0.175926
1 0.375781 0.853704 0.046354 0.179630
1 0.364323 0.502315 0.041146 0.099074
2 0.307812 0.517130 0.033333 0.099074
1 0.225260 0.387037 0.030729 0.079630
