3 0.648698 0.465278 0.026562 0.093519
1 0.978125 0.567130 0.031250 0.123148
2 0.820573 0.603704 0.027604 0.125926
0 0.352344 0.512037 0.017318 0.025926
2 0.584635 0.450000 0.030729 0.090741
1 0.812240 0.452778 0.024479 0.090741
2 0.800781 0.380556 0.018229 0.081481
1 0.975781 0.399537 0.019271 0.084259
2 0.917708 0.409722 0.032292 0.086111
1 0.833594 0.359259 0.022396 0.075926
2 0.416406 0.453704 0.023438 0.087037
2 0.243229 0.710648 0.040625 0.169444
1 0.376823 0.861111 0.040104 0.183333
1 0.322656 0.502315 0.038021 0.097222
2 0.279687 0.546759 0.032292 0.117593
1 0.188542 0.406019 0.032292 0.082407
