3 0.356771 0.630093 0.042708 0.136111
2 0.109635 0.464352 0.026562 0.099074
2 0.713802 0.586574 0.041146 0.125000
2 0.210156 0.477315 0.028646 0.112037
2 0.134896 0.491204 0.033333 0.104630
2 0.583073 0.469444 0.034896 0.081481
2 0.437240 0.506944 0.038021 0.099074
2 0.728906 0.553704 0.028646 0.107407
2 0.262500 0.711111 0.040625 0.151852
1 0.233854 0.675926 0.043750 0.138889
1 0.675260 0.498148 0.039062 0.087037
1 0.169792 0.456944 0.028125 0.091667
1 0.118229 0.499074 0.031250 0.111111
1 0.196615 0.471296 0.029687 0.103704
1 0.037240 0.481019 0.026562 0.100926
1 0.385677 0.413889 0.029687 0.075926
1 0.297656 0.547685 0.033854 0.108333
3 0.463802 0.311111 0.023438 0.059259
1 0.790104 0.537500 0.031250 0.110185
0 0.551042 0.472222 0.016406 0.029167
