3 0.678906 0.478241 0.029687 0.099074
1 0.985156 0.575463 0.028646 0.125000
2 0.810417 0.623148 0.028125 0.127778
0 0.314583 0.506481 0.020052 0.035648
2 0.610417 0.450000 0.032292 0.092593
1 0.826562 0.449537 0.029167 0.091667
2 0.817969 0.381019 0.026562 0.082407
1 0.975781 0.396296 0.022396 0.085185
2 0.948698 0.414815 0.029687 0.088889
1 0.846875 0.360185 0.022917 0.077778
2 0.402344 0.463889 0.020313 0.092593
2 0.259375 0.731019 0.039583 0.173148
1 0.347396 0.878241 0.045833 0.186111
1 0.268490 0.508796 0.034896 0.106481
2 0.234635 0.577778 0.034896 0.127778
1 0.110937 0.424537 0.030208 0.086111
