3 0.552604 0.438426 0.017708 0.097222
1 0.901823 0.544444 0.027604 0.122222
2 0.764323 0.568056 0.027604 0.130556
0 0.455469 0.525926 0.017318 0.029167
2 0.467969 0.474074 0.038021 0.087037
1 0.701302 0.456481 0.033854 0.100000
2 0.693490 0.370833 0.025521 0.084259
1 0.888802 0.406944 0.024479 0.091667
2 0.775521 0.413426 0.031250 0.080556
2 0.849219 0.449537 0.032813 0.099074
2 0.868229 0.496759 0.028125 0.117593
1 0.719271 0.351852 0.021875 0.085185
2 0.403125 0.449074 0.032292 0.083333
2 0.126823 0.702315 0.042188 0.178704
1 0.355990 0.850463 0.040104 0.180556
1 0.391667 0.501389 0.036458 0.095370
2 0.316406 0.507407 0.029687 0.101852
1 0.219271 0.378704 0.025000 0.081481
