3 0.333073 0.632407 0.053646 0.138889
2 0.099479 0.464815 0.023958 0.100000
2 0.688542 0.582870 0.039583 0.123148
2 0.204167 0.481019 0.026042 0.106481
2 0.125781 0.490278 0.035937 0.106481
2 0.581771 0.470370 0.033333 0.081481
2 0.424740 0.510185 0.034896 0.094444
2 0.730469 0.554630 0.028646 0.111111
2 0.243490 0.712963 0.055729 0.151852
1 0.224479 0.677315 0.048958 0.139815
1 0.686458 0.503704 0.037500 0.087037
1 0.160156 0.462500 0.027604 0.091667
1 0.109375 0.497222 0.046875 0.112963
1 0.191146 0.471759 0.028125 0.106481
1 0.030990 0.481944 0.027604 0.100926
1 0.373958 0.412037 0.034375 0.077778
1 0.287760 0.546759 0.042188 0.108333
3 0.463021 0.306944 0.020833 0.060185
1 0.793229 0.540278 0.028125 0.112037
0 0.553906 0.506944 0.017318 0.030787
