3 0.302344 0.641667 0.041146 0.137037
2 0.083854 0.464815 0.021875 0.100000
2 0.648177 0.585185 0.052604 0.122222
2 0.190365 0.481019 0.031771 0.113889
2 0.101562 0.491204 0.021875 0.102778
2 0.582552 0.473611 0.033854 0.078704
2 0.409115 0.517130 0.034896 0.099074
2 0.722396 0.554167 0.029167 0.113889
2 0.196875 0.721759 0.058333 0.147222
1 0.196354 0.678241 0.039583 0.139815
1 0.676302 0.502315 0.033854 0.091667
1 0.143229 0.468056 0.028125 0.095370
1 0.087240 0.502315 0.026562 0.106481
1 0.177344 0.472222 0.025521 0.105556
1 0.021354 0.481481 0.028125 0.107407
1 0.358333 0.412963 0.023958 0.081481
1 0.262500 0.551852 0.033333 0.105556
3 0.456771 0.311111 0.020833 0.059259
1 0.790885 0.549537 0.041146 0.112037
0 0.569271 0.481481 0.018229 0.032407
