3 0.644792 0.462500 0.022917 0.095370
1 0.972917 0.563426 0.031250 0.123148
2 0.820573 0.599537 0.027604 0.130556
0 0.355990 0.512963 0.017318 0.025926
2 0.580990 0.452315 0.035937 0.089815
1 0.804427 0.451389 0.023438 0.091667
2 0.794531 0.377315 0.024479 0.080556
1 0.972917 0.401852 0.025000 0.088889
2 0.907552 0.409722 0.026562 0.087963
1 0.826302 0.358333 0.020313 0.074074
2 0.419531 0.450463 0.025521 0.086111
2 0.238802 0.708333 0.045312 0.174074
1 0.384375 0.859259 0.042708 0.181481
1 0.334635 0.500463 0.036979 0.093519
2 0.290625 0.541667 0.033333 0.118519
1 0.201042 0.402315 0.031250 0.080556
