3 0.260417 0.651852 0.042708 0.140741
2 0.076302 0.472222 0.033854 0.101852
2 0.604948 0.593519 0.035937 0.118519
2 0.175781 0.490278 0.035937 0.113889
2 0.080469 0.495833 0.031771 0.100926
2 0.584375 0.482870 0.030208 0.082407
2 0.386458 0.537037 0.033333 0.096296
2 0.722135 0.566667 0.033854 0.103704
2 0.151823 0.739815 0.039062 0.161111
1 0.173177 0.682870 0.036979 0.145370
1 0.675521 0.518056 0.035417 0.089815
1 0.129688 0.482870 0.033333 0.102778
1 0.069271 0.506019 0.030208 0.108333
1 0.164844 0.478704 0.035937 0.105556
1 0.012760 0.489352 0.025521 0.112037
1 0.342969 0.419444 0.034896 0.087037
1 0.246875 0.562037 0.033333 0.105556
3 0.456771 0.319907 0.020833 0.058333
1 0.785417 0.567593 0.030208 0.111111
0 0.601042 0.421296 0.018229 0.029167
