3 0.483594 0.589815 0.045312 0.112963
2 0.067708 0.499074 0.029167 0.096296
2 0.219010 0.469907 0.033854 0.097222
2 0.957552 0.614352 0.041146 0.136111
2 0.290625 0.477315 0.022917 0.102778
2 0.283594 0.490741 0.029687 0.103704
2 0.617708 0.472222 0.029167 0.088889
2 0.560937 0.496296 0.031250 0.101852
2 0.780469 0.563889 0.030729 0.114815
2 0.427344 0.700926 0.045312 0.151852
1 0.285938 0.648148 0.039583 0.138889
1 0.080990 0.556019 0.043229 0.117593
1 0.614323 0.472685 0.034896 0.104630
1 0.291927 0.442593 0.028646 0.090741
1 0.259635 0.493056 0.029687 0.104630
1 0.259635 0.458333 0.025521 0.098148
1 0.137500 0.486111 0.037500 0.112963
1 0.477604 0.432870 0.028125 0.091667
1 0.435677 0.547685 0.033854 0.110185
3 0.525521 0.311574 0.018750 0.056481
1 0.833594 0.537500 0.029687 0.113889
0 0.503906 0.357407 0.019141 0.032407
