3 0.639844 0.460648 0.021354 0.097222
1 0.970573 0.562037 0.029687 0.122222
2 0.819531 0.595370 0.027604 0.127778
0 0.360156 0.513889 0.017318 0.025926
2 0.577083 0.452315 0.037500 0.089815
1 0.800000 0.452315 0.028125 0.091667
2 0.789844 0.378704 0.024479 0.079630
1 0.969792 0.402315 0.023958 0.087963
2 0.900521 0.409259 0.028125 0.087037
2 0.994271 0.497222 0.009375 0.094444
1 0.822396 0.357870 0.022917 0.075000
2 0.420052 0.451389 0.026562 0.084259
2 0.233854 0.706944 0.044792 0.171296
1 0.383594 0.858796 0.042188 0.184259
1 0.339323 0.499537 0.041146 0.097222
2 0.296875 0.538426 0.035417 0.115741
1 0.206250 0.400926 0.030208 0.081481
