3 0.590625 0.443056 0.021875 0.102778
1 0.930990 0.551852 0.029687 0.120370
2 0.791667 0.577778 0.027083 0.122222
0 0.432812 0.519907 0.018229 0.027546
2 0.504687 0.464815 0.035417 0.081481
1 0.745833 0.455556 0.027083 0.101852
2 0.733594 0.375463 0.028646 0.080556
1 0.926302 0.408333 0.021354 0.090741
2 0.825781 0.407407 0.027604 0.087037
2 0.908594 0.446296 0.034896 0.094444
2 0.923958 0.502778 0.036458 0.114815
1 0.764583 0.353241 0.023958 0.078704
2 0.416146 0.448611 0.026042 0.082407
2 0.179948 0.705556 0.048438 0.174074
1 0.372656 0.853241 0.047396 0.178704
1 0.367448 0.501389 0.044271 0.097222
2 0.308594 0.515741 0.033854 0.100000
1 0.224479 0.387037 0.030208 0.079630
