3 0.572656 0.441667 0.020313 0.098148
1 0.916927 0.547685 0.031771 0.119444
2 0.778125 0.574537 0.028125 0.121296
0 0.443750 0.528704 0.018229 0.029167
2 0.482812 0.471759 0.037500 0.082407
1 0.724219 0.458796 0.028646 0.099074
2 0.714063 0.374074 0.020833 0.081481
1 0.908333 0.405093 0.022917 0.091667
2 0.802083 0.409259 0.030208 0.087037
2 0.885156 0.448148 0.030729 0.094444
2 0.891927 0.498148 0.042188 0.111111
1 0.743229 0.353241 0.025000 0.078704
2 0.410677 0.449537 0.029687 0.084259
2 0.156510 0.702315 0.043229 0.171296
1 0.362240 0.853704 0.048438 0.177778
1 0.376302 0.501852 0.051562 0.094444
2 0.311719 0.512500 0.034896 0.102778
1 0.220833 0.384722 0.027083 0.078704
