3 0.675781 0.476852 0.032813 0.098148
1 0.984115 0.575000 0.030729 0.124074
2 0.811979 0.620833 0.028125 0.126852
0 0.320312 0.515741 0.020052 0.035648
2 0.609115 0.450000 0.028646 0.092593
1 0.825521 0.449537 0.029167 0.091667
2 0.816667 0.381944 0.022917 0.082407
1 0.976302 0.396296 0.021354 0.085185
2 0.946615 0.413889 0.030729 0.088889
1 0.846354 0.360648 0.021875 0.076852
2 0.403646 0.463426 0.020833 0.091667
2 0.258854 0.729167 0.039583 0.175000
1 0.350260 0.877778 0.045312 0.187037
1 0.272135 0.509722 0.038021 0.104630
2 0.236979 0.575000 0.034375 0.125926
1 0.118750 0.423611 0.027083 0.087963
