3 0.671875 0.475463 0.037500 0.097222
1 0.982812 0.575000 0.033333 0.124074
2 0.814063 0.617593 0.028125 0.125926
0 0.328125 0.527778 0.020052 0.035648
2 0.607812 0.450000 0.023958 0.092593
1 0.824479 0.449537 0.029167 0.091667
2 0.814844 0.382870 0.018229 0.082407
1 0.976823 0.395833 0.020313 0.086111
2 0.943229 0.413889 0.031250 0.088889
1 0.845313 0.360648 0.020833 0.075000
2 0.404687 0.462963 0.020833 0.090741
2 0.257812 0.726389 0.039583 0.178704
1 0.353646 0.876852 0.044792 0.187037
1 0.277083 0.509259 0.042708 0.101852
2 0.241146 0.570370 0.034375 0.124074
1 0.129948 0.423148 0.023438 0.090741
