3 0.479948 0.593056 0.047396 0.119444
2 0.058073 0.501852 0.030729 0.101852
2 0.212500 0.469907 0.032292 0.099074
2 0.943750 0.611574 0.040625 0.134259
2 0.285156 0.477778 0.024479 0.105556
2 0.273958 0.489352 0.027083 0.104630
2 0.609375 0.471759 0.032292 0.089815
2 0.554427 0.495370 0.031771 0.101852
2 0.775260 0.562963 0.029687 0.112963
2 0.420312 0.700926 0.046875 0.151852
1 0.280469 0.649074 0.041146 0.138889
1 0.069792 0.551389 0.041667 0.117593
1 0.611198 0.472222 0.028646 0.098148
1 0.284896 0.441204 0.028125 0.087963
1 0.246354 0.493519 0.027083 0.105556
1 0.254167 0.459259 0.027083 0.098148
1 0.130208 0.485185 0.038542 0.112963
1 0.469792 0.432407 0.029167 0.092593
1 0.426823 0.548611 0.033854 0.110185
3 0.519271 0.312500 0.018750 0.056481
1 0.826823 0.537500 0.029687 0.112037
0 0.519531 0.387500 0.020964 0.034028
