3 0.436719 0.613889 0.040104 0.125926
2 0.002865 0.554630 0.005729 0.011111
2 0.161719 0.466667 0.024479 0.103704
2 0.840104 0.595833 0.045833 0.128704
2 0.241406 0.477778 0.035937 0.111111
2 0.205729 0.490278 0.028125 0.106481
2 0.592187 0.471296 0.039583 0.087037
2 0.505990 0.505556 0.031771 0.096296
2 0.747396 0.558796 0.028125 0.112037
1 0.350000 0.706019 0.051042 0.156481
1 0.253125 0.661574 0.033333 0.136111
1 0.635677 0.481944 0.035937 0.086111
1 0.225260 0.448611 0.024479 0.093519
1 0.180729 0.494907 0.032292 0.110185
1 0.227083 0.471296 0.030208 0.103704
1 0.076302 0.485185 0.030729 0.105556
1 0.425521 0.421296 0.028125 0.081481
3 0.363021 0.546759 0.035417 0.112037
1 0.485677 0.311111 0.019271 0.055556
0 0.800521 0.534722 0.030208 0.112037
