3 0.681250 0.480556 0.026042 0.100000
1 0.985938 0.575463 0.027083 0.125000
2 0.808854 0.625463 0.028125 0.128704
0 0.312500 0.503704 0.020052 0.035648
2 0.611458 0.450000 0.035417 0.092593
1 0.827083 0.448611 0.029167 0.091667
2 0.819271 0.380093 0.030208 0.082407
1 0.975260 0.396759 0.023438 0.084259
2 0.950521 0.414815 0.029167 0.088889
1 0.847396 0.359722 0.023958 0.078704
2 0.401823 0.465278 0.020313 0.093519
2 0.260677 0.732407 0.040104 0.170370
1 0.344271 0.878241 0.045833 0.186111
1 0.265365 0.508796 0.031771 0.108333
2 0.232031 0.580093 0.034896 0.128704
1 0.102344 0.424537 0.032813 0.084259
