3 0.386719 0.623611 0.045312 0.132407
2 0.122656 0.466204 0.023438 0.100926
2 0.754167 0.587037 0.048958 0.127778
2 0.216146 0.478704 0.025000 0.111111
2 0.158333 0.490741 0.027083 0.105556
2 0.587760 0.474074 0.028646 0.077778
2 0.453385 0.501852 0.040104 0.098148
2 0.730990 0.552778 0.026562 0.109259
2 0.295312 0.708796 0.045833 0.154630
1 0.236719 0.667593 0.038021 0.140741
1 0.657552 0.490278 0.044271 0.084259
1 0.184635 0.454167 0.025521 0.091667
1 0.138542 0.495833 0.037500 0.110185
1 0.205469 0.469444 0.026562 0.107407
1 0.045573 0.482407 0.028646 0.103704
1 0.396354 0.415741 0.026042 0.075926
1 0.319010 0.544907 0.032813 0.108333
3 0.466146 0.306944 0.018750 0.058333
1 0.788542 0.536111 0.031250 0.109259
0 0.552344 0.445370 0.015495 0.025926
