3 0.320312 0.634259 0.051042 0.140741
2 0.094010 0.462500 0.026562 0.099074
2 0.676823 0.583333 0.040104 0.122222
2 0.200781 0.481944 0.032813 0.108333
2 0.116927 0.487963 0.033854 0.105556
2 0.582812 0.472222 0.036458 0.079630
2 0.419531 0.513889 0.032813 0.096296
2 0.727604 0.553704 0.029167 0.112963
2 0.231771 0.714815 0.048958 0.151852
1 0.214583 0.676852 0.038542 0.138889
1 0.685417 0.502315 0.039583 0.089815
1 0.154688 0.462037 0.032292 0.096296
1 0.101823 0.496296 0.039062 0.111111
1 0.185677 0.472222 0.026562 0.105556
1 0.026823 0.479630 0.028646 0.103704
1 0.367708 0.408796 0.033333 0.078704
1 0.281250 0.548148 0.033333 0.107407
3 0.460156 0.306481 0.020313 0.061111
1 0.791927 0.543519 0.031771 0.111111
0 0.555990 0.512500 0.017318 0.034028
