3 0.646875 0.463889 0.025000 0.094444
1 0.976042 0.565278 0.031250 0.123148
2 0.820573 0.602778 0.027604 0.127778
0 0.353906 0.512037 0.017318 0.025926
2 0.583073 0.450926 0.032813 0.090741
1 0.809375 0.451852 0.023958 0.090741
2 0.798438 0.379167 0.020833 0.080556
1 0.975000 0.400463 0.021875 0.086111
2 0.913542 0.410185 0.030208 0.087037
1 0.830469 0.358796 0.021354 0.075000
2 0.417708 0.452778 0.023958 0.087037
2 0.241406 0.709722 0.042188 0.171296
1 0.379948 0.860648 0.041146 0.182407
1 0.327083 0.501389 0.037500 0.095370
2 0.284115 0.544444 0.032813 0.118519
1 0.193490 0.405093 0.031771 0.082407
