3 0.658333 0.471759 0.027083 0.099074
1 0.983333 0.571296 0.030208 0.118519
2 0.820052 0.611111 0.026562 0.133333
0 0.345573 0.523148 0.019141 0.029167
2 0.594792 0.444444 0.023958 0.098148
1 0.818750 0.451389 0.028125 0.091667
2 0.808333 0.381481 0.027083 0.081481
1 0.977865 0.398148 0.019271 0.083333
2 0.929167 0.415278 0.025000 0.087963
1 0.839844 0.359722 0.023438 0.078704
2 0.410677 0.458333 0.022396 0.087037
2 0.250260 0.717593 0.036979 0.168519
1 0.367448 0.867130 0.043229 0.189815
1 0.308594 0.507407 0.040104 0.100000
2 0.262500 0.557870 0.033333 0.121296
1 0.164062 0.414352 0.027083 0.086111
