1 0.269531 0.717130 0.038021 0.102778
0 0.291146 0.743056 0.025521 0.037269
1 0.266406 0.538426 0.025521 0.108333
1 0.157812 0.362963 0.016667 0.079630
3 0.220312 0.219444 0.010417 0.046296
2 0.252344 0.418981 0.029687 0.091667
1 0.395313 0.320833 0.014583 0.062037
1 0.587240 0.255093 0.011979 0.049074
1 0.651042 0.362037 0.017708 0.072222
2 0.684896 0.356944 0.019792 0.071296
2 0.746354 0.306481 0.013542 0.059259
2 0.754427 0.414815 0.017188 0.077778
1 0.804688 0.506481 0.018750 0.103704
1 0.630469 0.651852 0.047396 0.131481
2 0.816927 0.665278 0.033854 0.126852
2 0.859115 0.512037 0.026562 0.111111
2 0.894271 0.371759 0.017708 0.071296
1 0.916146 0.405556 0.016667 0.081481
3 0.635677 0.432407 0.019271 0.092593
2 0.507031 0.589352 0.028646 0.123148
