1 0.072135 0.709722 0.040104 0.139815
0 0.346094 0.767130 0.026432 0.037269
1 0.198437 0.530556 0.021875 0.105556
1 0.084635 0.361574 0.020313 0.076852
3 0.160938 0.222685 0.012500 0.043519
2 0.126823 0.429630 0.027604 0.096296
1 0.322917 0.325926 0.013542 0.064815
1 0.528906 0.258333 0.010937 0.051852
1 0.605729 0.370833 0.013542 0.071296
2 0.611719 0.372222 0.022396 0.077778
2 0.684635 0.301852 0.016146 0.061111
2 0.698177 0.426852 0.022396 0.083333
1 0.750781 0.543519 0.023438 0.114815
1 0.578385 0.723611 0.056771 0.145370
2 0.709635 0.707407 0.035937 0.137037
2 0.799479 0.541667 0.025000 0.114815
2 0.854948 0.375463 0.023438 0.073148
1 0.876042 0.411574 0.019792 0.080556
3 0.595313 0.439815 0.017708 0.096296
2 0.398958 0.629630 0.038542 0.137037
