1 0.258333 0.725926 0.040625 0.107407
0 0.284115 0.750926 0.024609 0.035648
1 0.256510 0.542593 0.024479 0.107407
1 0.146094 0.365278 0.017188 0.080556
3 0.211198 0.221296 0.010937 0.046296
2 0.236198 0.424074 0.028646 0.092593
1 0.384115 0.323611 0.013021 0.062037
1 0.579688 0.256944 0.013542 0.049074
1 0.647135 0.366204 0.017188 0.073148
2 0.682031 0.361574 0.020313 0.071296
2 0.741406 0.307870 0.015104 0.060185
2 0.747917 0.418519 0.018750 0.077778
1 0.800781 0.513889 0.020313 0.105556
1 0.624740 0.661111 0.046354 0.131481
2 0.807292 0.672222 0.033333 0.125926
2 0.855208 0.519907 0.029167 0.112037
2 0.891406 0.374537 0.018229 0.071296
1 0.912760 0.409259 0.018229 0.081481
3 0.631250 0.433796 0.018750 0.095370
2 0.495312 0.597222 0.032292 0.124074
