1 0.169792 0.712963 0.053125 0.146296
0 0.307812 0.765278 0.023698 0.034028
1 0.219010 0.542593 0.030729 0.107407
1 0.108854 0.365741 0.020833 0.079630
3 0.182812 0.226389 0.012500 0.043519
2 0.173177 0.429167 0.032813 0.093519
1 0.347135 0.327778 0.017188 0.064815
1 0.552604 0.258333 0.012500 0.050000
1 0.630729 0.371759 0.014583 0.075000
2 0.652865 0.367593 0.014063 0.079630
2 0.712760 0.303704 0.011979 0.057407
2 0.722656 0.425000 0.016146 0.083333
1 0.778385 0.533796 0.029687 0.115741
1 0.600521 0.705093 0.048958 0.143519
2 0.763021 0.696296 0.032292 0.135185
2 0.827083 0.533333 0.028125 0.107407
2 0.875000 0.377315 0.019792 0.071296
1 0.894271 0.409722 0.017708 0.082407
3 0.615625 0.435648 0.020833 0.104630
2 0.445573 0.620833 0.028646 0.126852
