1 0.251042 0.729630 0.044792 0.116667
0 0.282031 0.755556 0.024609 0.035648
1 0.250000 0.543981 0.022917 0.106481
1 0.137760 0.366204 0.018229 0.080556
3 0.203906 0.222222 0.009896 0.046296
2 0.224479 0.426389 0.028125 0.091667
1 0.376302 0.324074 0.014063 0.062963
1 0.575781 0.257870 0.015104 0.049074
1 0.644792 0.367593 0.015625 0.074074
2 0.680469 0.363426 0.018229 0.073148
2 0.738021 0.306944 0.014583 0.060185
2 0.742708 0.420833 0.020833 0.076852
1 0.797396 0.519444 0.021875 0.107407
1 0.620573 0.667130 0.046354 0.128704
2 0.799219 0.677778 0.034896 0.125926
2 0.851823 0.523611 0.031771 0.112037
2 0.889323 0.375463 0.019271 0.071296
1 0.910417 0.409259 0.017708 0.081481
3 0.628646 0.435185 0.018750 0.094444
2 0.486458 0.599074 0.032292 0.124074
