1 0.183854 0.712963 0.040625 0.146296
0 0.301042 0.766667 0.023698 0.035648
1 0.223698 0.543056 0.025521 0.106481
1 0.111458 0.365741 0.019792 0.079630
3 0.184375 0.225000 0.012500 0.044444
2 0.179427 0.429167 0.025521 0.095370
1 0.351302 0.327315 0.014063 0.065741
1 0.554948 0.259259 0.013021 0.050000
1 0.632292 0.372222 0.014583 0.074074
2 0.657031 0.368056 0.015104 0.078704
2 0.716146 0.305556 0.015625 0.059259
2 0.724740 0.425000 0.018229 0.081481
1 0.781771 0.532870 0.027083 0.115741
1 0.602604 0.699537 0.045833 0.139815
2 0.769792 0.692593 0.032292 0.133333
2 0.833073 0.533333 0.027604 0.109259
2 0.877344 0.376389 0.019271 0.071296
1 0.897135 0.408796 0.018229 0.082407
3 0.617448 0.437963 0.021354 0.101852
2 0.453385 0.618056 0.028646 0.128704
