1 0.178906 0.712963 0.045312 0.146296
0 0.303646 0.765741 0.023698 0.035648
1 0.222135 0.543056 0.027604 0.106481
1 0.110677 0.365741 0.020313 0.079630
3 0.183854 0.225463 0.012500 0.043519
2 0.177083 0.428704 0.028125 0.094444
1 0.350000 0.326852 0.015625 0.064815
1 0.554427 0.258333 0.013021 0.050000
1 0.631771 0.372222 0.014583 0.074074
2 0.655469 0.368056 0.015104 0.078704
2 0.714844 0.305093 0.014063 0.058333
2 0.723698 0.425463 0.017188 0.082407
1 0.780729 0.533796 0.028125 0.115741
1 0.602083 0.700926 0.046875 0.140741
2 0.767708 0.693981 0.032292 0.134259
2 0.831250 0.532870 0.028125 0.108333
2 0.876563 0.376389 0.019792 0.071296
1 0.896094 0.409722 0.018229 0.082407
3 0.616927 0.437500 0.021354 0.102778
2 0.450781 0.618519 0.028646 0.127778
