1 0.266406 0.720370 0.038021 0.101852
0 0.288542 0.745833 0.025521 0.037269
1 0.263802 0.540278 0.025521 0.108333
1 0.154688 0.364352 0.016667 0.080556
3 0.217969 0.220370 0.010937 0.046296
2 0.248438 0.421296 0.029167 0.092593
1 0.392188 0.321759 0.013542 0.062037
1 0.584896 0.256019 0.012500 0.049074
1 0.649479 0.363889 0.017708 0.072222
2 0.684375 0.358333 0.020833 0.070370
2 0.745313 0.306481 0.014583 0.059259
2 0.752865 0.416204 0.017188 0.078704
1 0.803906 0.508796 0.019271 0.104630
1 0.629167 0.654167 0.046875 0.132407
2 0.814844 0.667130 0.032813 0.126852
2 0.858333 0.514352 0.027083 0.112037
2 0.893750 0.372685 0.017708 0.071296
1 0.915104 0.406481 0.017708 0.081481
3 0.634375 0.432407 0.018750 0.094444
2 0.504167 0.592130 0.030208 0.123148
