1 0.130990 0.711111 0.032813 0.142593
0 0.323177 0.767130 0.022786 0.034028
1 0.214583 0.537037 0.026042 0.101852
1 0.100260 0.363426 0.020313 0.078704
3 0.174740 0.224537 0.010937 0.041667
2 0.154427 0.429630 0.024479 0.100000
1 0.340365 0.326852 0.016146 0.064815
1 0.543750 0.259722 0.010417 0.054630
1 0.622135 0.370370 0.016146 0.075926
2 0.638281 0.370833 0.019271 0.078704
2 0.702344 0.305093 0.018229 0.060185
2 0.714063 0.426852 0.020833 0.081481
1 0.770573 0.538426 0.025521 0.113889
1 0.594792 0.712500 0.048958 0.145370
2 0.744010 0.698611 0.030729 0.141667
2 0.817969 0.537963 0.025521 0.111111
2 0.868490 0.375463 0.020313 0.073148
1 0.889062 0.408796 0.016667 0.082407
3 0.608594 0.439352 0.018229 0.099074
2 0.429427 0.625926 0.038021 0.127778
