1 0.065365 0.710648 0.038021 0.139815
0 0.348958 0.767130 0.027344 0.037269
1 0.195573 0.529630 0.021354 0.105556
1 0.082292 0.360648 0.020833 0.076852
3 0.159115 0.223148 0.013021 0.044444
2 0.123438 0.430093 0.026042 0.095370
1 0.320573 0.325926 0.014063 0.064815
1 0.526823 0.257870 0.009896 0.050926
1 0.603125 0.371296 0.012500 0.072222
2 0.608073 0.372222 0.023438 0.077778
2 0.682031 0.301389 0.016146 0.062037
2 0.696615 0.426852 0.022396 0.083333
1 0.748958 0.543519 0.022917 0.114815
1 0.576042 0.725463 0.058333 0.145370
2 0.704948 0.709259 0.034896 0.137037
2 0.796875 0.541667 0.026042 0.114815
2 0.853125 0.375463 0.023958 0.073148
1 0.874219 0.411574 0.019271 0.080556
3 0.593750 0.439815 0.017708 0.096296
2 0.394792 0.631481 0.040625 0.137037
