1 0.253646 0.728241 0.043750 0.113889
0 0.283073 0.753704 0.024609 0.035648
1 0.252344 0.543519 0.023438 0.107407
1 0.140365 0.366204 0.018229 0.080556
3 0.206250 0.221296 0.010417 0.046296
2 0.228385 0.425463 0.028646 0.091667
1 0.379167 0.324074 0.013542 0.062963
1 0.577083 0.257870 0.014583 0.049074
1 0.645573 0.367130 0.016146 0.073148
2 0.680729 0.362963 0.018750 0.072222
2 0.739062 0.306944 0.014583 0.060185
2 0.744271 0.419907 0.019792 0.076852
1 0.798698 0.517130 0.021354 0.106481
1 0.622135 0.664815 0.046354 0.129630
2 0.801562 0.675926 0.034375 0.125926
2 0.853125 0.522685 0.031250 0.112037
2 0.889844 0.375463 0.019271 0.071296
1 0.911198 0.409259 0.018229 0.081481
3 0.629167 0.435185 0.018750 0.094444
2 0.489583 0.599074 0.032292 0.124074
