3 0.417969 0.617593 0.048438 0.131481
2 0.143750 0.464815 0.031250 0.103704
2 0.803125 0.586111 0.032292 0.127778
2 0.232813 0.475463 0.034375 0.113889
2 0.185677 0.489352 0.039062 0.106481
2 0.590625 0.471759 0.041667 0.082407
2 0.484375 0.502778 0.033333 0.096296
2 0.737240 0.556944 0.034896 0.112037
2 0.329948 0.706481 0.057813 0.155556
1 0.246615 0.662500 0.035937 0.136111
1 0.646354 0.486574 0.041667 0.086111
1 0.205208 0.451389 0.027083 0.091667
1 0.162500 0.494907 0.030208 0.108333
1 0.221354 0.471296 0.030208 0.103704
1 0.063281 0.481944 0.034896 0.104630
1 0.413281 0.420370 0.026562 0.081481
1 0.342969 0.543981 0.033854 0.108333
3 0.479167 0.309722 0.018750 0.056481
1 0.794531 0.534259 0.030729 0.111111
0 0.561719 0.447222 0.015495 0.025926
