3 0.655469 0.469907 0.027604 0.097222
1 0.982552 0.570370 0.030729 0.120370
2 0.820312 0.608796 0.027083 0.130556
0 0.347135 0.520370 0.019141 0.029167
2 0.591927 0.445833 0.025521 0.095370
1 0.817187 0.452315 0.027083 0.091667
2 0.806250 0.381481 0.023958 0.081481
1 0.977604 0.398148 0.018750 0.083333
2 0.926302 0.412963 0.027604 0.087037
1 0.838802 0.359259 0.023438 0.077778
2 0.412240 0.457407 0.022396 0.087037
2 0.248438 0.715741 0.037500 0.168519
1 0.369792 0.864815 0.041667 0.187037
1 0.311979 0.506019 0.039583 0.099074
2 0.266927 0.554630 0.032813 0.120370
1 0.170573 0.412037 0.028646 0.085185
