3 0.507292 0.431019 0.025000 0.089815
1 0.861458 0.534722 0.025000 0.123148
2 0.732812 0.553241 0.025000 0.123148
0 0.476302 0.531019 0.015495 0.027546
2 0.444531 0.490278 0.045312 0.100926
1 0.651302 0.451852 0.029687 0.101852
2 0.655990 0.364815 0.021354 0.081481
1 0.836979 0.406481 0.020833 0.092593
2 0.734375 0.410648 0.022917 0.087963
2 0.773438 0.454630 0.031250 0.107407
2 0.799479 0.489815 0.029167 0.118519
1 0.664062 0.350926 0.016667 0.083333
2 0.398698 0.449074 0.024479 0.090741
2 0.075521 0.704167 0.042708 0.182407
1 0.337240 0.850463 0.047396 0.182407
1 0.428385 0.490741 0.050521 0.103704
2 0.318490 0.499537 0.030729 0.104630
1 0.214583 0.372685 0.026042 0.078704
