3 0.599219 0.443056 0.022396 0.104630
1 0.937760 0.553704 0.028646 0.120370
2 0.797396 0.579630 0.026042 0.124074
0 0.424740 0.510185 0.017318 0.025926
2 0.515104 0.460648 0.034375 0.080556
1 0.755469 0.453704 0.026562 0.103704
2 0.742708 0.376389 0.032292 0.080556
1 0.934115 0.409259 0.020313 0.090741
2 0.836719 0.406944 0.026562 0.086111
2 0.929427 0.443519 0.034896 0.094444
2 0.932031 0.502778 0.040104 0.111111
1 0.774219 0.352315 0.023438 0.078704
2 0.418490 0.448611 0.024479 0.080556
2 0.190625 0.707407 0.051042 0.175926
1 0.377344 0.853704 0.046354 0.179630
1 0.363281 0.502315 0.040104 0.099074
2 0.307812 0.517593 0.033333 0.098148
1 0.226042 0.387500 0.031250 0.080556
