3 0.465625 0.600926 0.041667 0.114815
2 0.029427 0.505093 0.031771 0.108333
2 0.191927 0.468519 0.026562 0.101852
2 0.898958 0.604630 0.042708 0.127778
2 0.267969 0.475463 0.023438 0.110185
2 0.246094 0.489815 0.024479 0.105556
2 0.594271 0.472222 0.033333 0.088889
2 0.534896 0.498611 0.029167 0.099074
2 0.761979 0.559722 0.026042 0.112037
2 0.396094 0.696759 0.050521 0.163889
1 0.267708 0.651852 0.037500 0.140741
1 0.030729 0.547685 0.029167 0.117593
1 0.619531 0.474537 0.033854 0.091667
1 0.258333 0.442593 0.018750 0.087037
1 0.219531 0.491667 0.032813 0.107407
1 0.245312 0.461574 0.026042 0.095370
1 0.107552 0.483333 0.029687 0.109259
1 0.448698 0.431944 0.026562 0.082407
1 0.398958 0.549074 0.033333 0.105556
3 0.503906 0.312963 0.019271 0.055556
1 0.813802 0.535185 0.032813 0.111111
0 0.555729 0.451852 0.021875 0.035648
