3 0.611719 0.446296 0.021354 0.105556
1 0.947396 0.555093 0.028125 0.123148
2 0.806771 0.585185 0.025000 0.124074
0 0.413281 0.505556 0.017318 0.025926
2 0.535677 0.456019 0.036979 0.087963
1 0.770312 0.452778 0.027083 0.098148
2 0.756510 0.377315 0.026562 0.084259
1 0.947656 0.406481 0.021354 0.090741
2 0.857031 0.407870 0.026562 0.086111
2 0.951302 0.443519 0.030729 0.094444
2 0.955208 0.501852 0.041667 0.111111
1 0.789323 0.355093 0.022396 0.078704
2 0.418229 0.449537 0.032292 0.082407
2 0.204948 0.704630 0.047396 0.177778
1 0.383594 0.850463 0.044271 0.180556
1 0.362240 0.500000 0.039062 0.101852
2 0.304948 0.524074 0.041146 0.105556
1 0.223698 0.391204 0.025521 0.080556
