3 0.528125 0.432407 0.021875 0.088889
1 0.879427 0.538426 0.024479 0.123148
2 0.747656 0.560648 0.026562 0.123148
0 0.464844 0.521296 0.015495 0.025926
2 0.453906 0.481944 0.038021 0.095370
1 0.673958 0.452778 0.030208 0.105556
2 0.673438 0.368981 0.022917 0.082407
1 0.864323 0.401852 0.024479 0.092593
2 0.751563 0.410648 0.026042 0.080556
2 0.809115 0.450926 0.030729 0.098148
2 0.831250 0.490741 0.045833 0.116667
1 0.692187 0.351389 0.027083 0.082407
2 0.400781 0.443519 0.028646 0.083333
2 0.098177 0.701389 0.039062 0.178704
1 0.347917 0.848611 0.043750 0.182407
1 0.404948 0.494907 0.040104 0.097222
2 0.320052 0.501389 0.032813 0.104630
1 0.219271 0.378704 0.028125 0.075926
