3 0.330990 0.632407 0.055729 0.138889
2 0.098698 0.464815 0.023438 0.100000
2 0.686979 0.582407 0.038542 0.122222
2 0.204427 0.481944 0.026562 0.106481
2 0.125260 0.490278 0.035937 0.106481
2 0.581771 0.470370 0.033333 0.081481
2 0.424219 0.511111 0.034896 0.094444
2 0.730990 0.554630 0.028646 0.111111
2 0.242448 0.713426 0.056771 0.152778
1 0.222917 0.677315 0.048958 0.139815
1 0.686719 0.503704 0.036979 0.087037
1 0.159896 0.463426 0.028125 0.091667
1 0.108594 0.497222 0.048438 0.112963
1 0.190885 0.471759 0.027604 0.106481
1 0.029948 0.481944 0.028646 0.100926
1 0.372656 0.412037 0.034896 0.077778
1 0.287500 0.546759 0.042708 0.108333
3 0.462760 0.306944 0.020313 0.060185
1 0.793750 0.541204 0.028125 0.112037
0 0.553906 0.510648 0.017318 0.030787
