3 0.300781 0.643519 0.040104 0.137037
2 0.083333 0.464815 0.020833 0.100000
2 0.645052 0.586111 0.054688 0.122222
2 0.189323 0.480556 0.030729 0.114815
2 0.100260 0.492593 0.020313 0.101852
2 0.582812 0.473611 0.033333 0.078704
2 0.407813 0.517130 0.035417 0.099074
2 0.721875 0.554167 0.029167 0.113889
2 0.192448 0.722222 0.060937 0.146296
1 0.194792 0.678241 0.040625 0.139815
1 0.675260 0.502315 0.032813 0.091667
1 0.142969 0.469907 0.027604 0.095370
1 0.086458 0.503704 0.026042 0.105556
1 0.176823 0.472222 0.025521 0.105556
1 0.020833 0.482407 0.028125 0.107407
1 0.357812 0.413889 0.022917 0.081481
1 0.260417 0.551852 0.034375 0.105556
3 0.456510 0.311574 0.021354 0.058333
1 0.791406 0.550463 0.042188 0.112037
0 0.570833 0.476852 0.018229 0.032407
