3 0.663281 0.474074 0.029687 0.100000
1 0.984115 0.572685 0.030729 0.119444
2 0.818750 0.613889 0.027083 0.133333
0 0.341146 0.528704 0.020052 0.032407
2 0.599740 0.444444 0.023438 0.098148
1 0.820833 0.450463 0.029167 0.091667
2 0.810937 0.381944 0.027083 0.082407
1 0.977604 0.397685 0.019792 0.084259
2 0.934375 0.415741 0.025000 0.088889
1 0.842187 0.359259 0.022917 0.077778
2 0.408594 0.459722 0.022396 0.087963
2 0.252865 0.720833 0.036979 0.171296
1 0.364323 0.871296 0.046354 0.194444
1 0.299219 0.508796 0.041146 0.100926
2 0.254427 0.563426 0.033854 0.123148
1 0.152604 0.416667 0.029167 0.087037
