3 0.428906 0.617130 0.038021 0.123148
2 0.154688 0.466667 0.022917 0.103704
2 0.826562 0.596296 0.040625 0.129630
2 0.237760 0.476852 0.038021 0.111111
2 0.195833 0.492130 0.033333 0.106481
2 0.590104 0.470370 0.043750 0.085185
2 0.497396 0.505093 0.030208 0.097222
2 0.744792 0.558333 0.029167 0.111111
2 0.339844 0.708796 0.056771 0.154630
1 0.250521 0.664352 0.034375 0.136111
1 0.641146 0.483796 0.040625 0.086111
1 0.218229 0.450463 0.021875 0.091667
1 0.172135 0.493981 0.033854 0.110185
1 0.226042 0.471296 0.030208 0.103704
1 0.070052 0.484722 0.032813 0.104630
1 0.421094 0.421296 0.026562 0.081481
1 0.356510 0.547222 0.040104 0.114815
3 0.483594 0.312037 0.019271 0.055556
1 0.798177 0.534722 0.029687 0.112037
0 0.567969 0.460185 0.015495 0.025926
