3 0.241927 0.656019 0.045312 0.136111
2 0.070833 0.474537 0.028125 0.100926
2 0.587500 0.590741 0.045833 0.118519
2 0.170833 0.492130 0.036458 0.115741
2 0.069531 0.500000 0.032813 0.100000
2 0.583073 0.483796 0.032813 0.082407
2 0.378906 0.538889 0.044271 0.100000
2 0.720313 0.569444 0.034375 0.103704
2 0.131250 0.742130 0.062500 0.158333
1 0.160938 0.683796 0.043750 0.141667
1 0.663542 0.520370 0.034375 0.090741
1 0.124219 0.488889 0.029687 0.098148
1 0.058333 0.510185 0.030208 0.107407
1 0.158073 0.481481 0.028646 0.107407
1 0.010156 0.491204 0.020313 0.108333
1 0.336198 0.423611 0.029687 0.084259
1 0.231771 0.564352 0.036458 0.104630
3 0.454167 0.319907 0.017708 0.056481
1 0.781510 0.572685 0.031771 0.113889
0 0.612760 0.405556 0.017318 0.029167
