3 0.618750 0.448148 0.020833 0.105556
1 0.953125 0.556019 0.028125 0.125000
2 0.811979 0.587963 0.023958 0.124074
0 0.401302 0.502778 0.017318 0.025926
2 0.546354 0.453241 0.038542 0.091667
1 0.778125 0.451852 0.027083 0.094444
2 0.763542 0.377315 0.022917 0.086111
1 0.954688 0.405556 0.021875 0.090741
2 0.867448 0.408796 0.026562 0.086111
2 0.965104 0.443519 0.028125 0.094444
2 0.973958 0.500926 0.042708 0.111111
1 0.797396 0.356019 0.021875 0.078704
2 0.417708 0.450000 0.036458 0.083333
2 0.213021 0.701852 0.045833 0.177778
1 0.384115 0.854167 0.044271 0.180556
1 0.361719 0.500000 0.039062 0.103704
2 0.303906 0.526852 0.045312 0.109259
1 0.222656 0.393056 0.022396 0.080556
