3 0.443750 0.610648 0.041667 0.128704
2 0.004427 0.544444 0.008854 0.031481
2 0.168229 0.465741 0.026042 0.103704
2 0.853125 0.595833 0.051042 0.126852
2 0.244792 0.478704 0.033333 0.111111
2 0.215104 0.489352 0.022917 0.106481
2 0.594531 0.470833 0.035937 0.087963
2 0.513281 0.505556 0.032813 0.094444
2 0.750000 0.558796 0.027083 0.112037
2 0.359375 0.703704 0.045833 0.157407
1 0.255469 0.659722 0.032813 0.136111
1 0.005990 0.577315 0.011979 0.054630
1 0.630729 0.480093 0.031250 0.086111
1 0.230990 0.447685 0.026562 0.095370
1 0.188281 0.495370 0.030729 0.109259
1 0.227604 0.471296 0.030208 0.103704
1 0.080990 0.484259 0.028646 0.105556
1 0.429427 0.421296 0.029687 0.081481
1 0.368490 0.547222 0.031771 0.111111
3 0.487760 0.311111 0.019271 0.055556
1 0.803125 0.533796 0.031250 0.112037
0 0.574740 0.478704 0.015495 0.025926
