3 0.397917 0.621296 0.035417 0.133333
2 0.128906 0.464815 0.023438 0.103704
2 0.767188 0.591204 0.042708 0.126852
2 0.220833 0.476389 0.020833 0.112037
2 0.166927 0.490278 0.024479 0.108333
2 0.589063 0.473611 0.026042 0.080556
2 0.461458 0.500926 0.037500 0.096296
2 0.734635 0.553241 0.031771 0.112037
2 0.303906 0.710648 0.043229 0.154630
1 0.240885 0.663426 0.035937 0.136111
1 0.655469 0.487037 0.041146 0.083333
1 0.193750 0.451389 0.027083 0.091667
1 0.148958 0.496759 0.030208 0.108333
1 0.212500 0.471759 0.028125 0.104630
1 0.050000 0.481944 0.025000 0.104630
1 0.402344 0.414815 0.023438 0.074074
1 0.328646 0.547685 0.025000 0.102778
3 0.471875 0.306944 0.015625 0.056481
1 0.789062 0.535185 0.031250 0.109259
0 0.555990 0.442593 0.015495 0.025926
