3 0.249740 0.654167 0.044271 0.137963
2 0.073177 0.473611 0.030729 0.100926
2 0.594792 0.591667 0.041667 0.118519
2 0.173437 0.491667 0.036458 0.114815
2 0.073958 0.498611 0.032292 0.100926
2 0.583594 0.482870 0.031771 0.082407
2 0.381771 0.537963 0.039583 0.098148
2 0.721094 0.568519 0.033854 0.103704
2 0.139844 0.740741 0.052604 0.159259
1 0.166146 0.683796 0.040625 0.143519
1 0.669010 0.518981 0.034896 0.089815
1 0.126562 0.486111 0.031250 0.100000
1 0.063021 0.508796 0.030208 0.108333
1 0.161198 0.480093 0.031771 0.106481
1 0.012500 0.489352 0.025000 0.112037
1 0.339323 0.421296 0.031771 0.085185
1 0.238542 0.562500 0.035417 0.104630
3 0.455469 0.319444 0.019271 0.057407
1 0.783333 0.570370 0.031250 0.112963
0 0.607031 0.412963 0.017318 0.029167
