3 0.454427 0.605556 0.046354 0.127778
2 0.010677 0.509722 0.021354 0.102778
2 0.179427 0.468056 0.028646 0.104630
2 0.871875 0.604167 0.051042 0.125000
2 0.254948 0.477315 0.027604 0.112037
2 0.229687 0.488889 0.035417 0.105556
2 0.590625 0.473148 0.025000 0.087037
2 0.523438 0.504630 0.031250 0.096296
2 0.754948 0.558796 0.025521 0.112037
2 0.375781 0.698148 0.044271 0.166667
1 0.260937 0.656944 0.031250 0.136111
1 0.011979 0.552315 0.023958 0.115741
1 0.624740 0.477315 0.033854 0.091667
1 0.241667 0.444444 0.027083 0.088889
1 0.201302 0.493056 0.034896 0.108333
1 0.237240 0.464352 0.024479 0.099074
1 0.091927 0.482870 0.028646 0.108333
1 0.436198 0.426852 0.029687 0.087037
1 0.383333 0.546296 0.030208 0.111111
3 0.492969 0.310185 0.019271 0.055556
1 0.806771 0.534722 0.030208 0.110185
0 0.582031 0.503704 0.015495 0.025926
