3 0.688281 0.481019 0.027604 0.100926
1 0.985677 0.577315 0.027604 0.126852
2 0.805729 0.629630 0.028125 0.129630
0 0.298958 0.490741 0.020052 0.035648
2 0.614062 0.450926 0.035417 0.094444
1 0.828385 0.449074 0.027604 0.092593
2 0.821875 0.379167 0.029167 0.078704
1 0.973958 0.395833 0.023958 0.084259
2 0.955208 0.415741 0.029167 0.088889
1 0.848177 0.361111 0.024479 0.079630
2 0.399479 0.467130 0.020833 0.093519
2 0.262500 0.736111 0.041667 0.172222
1 0.338021 0.881944 0.045833 0.187963
1 0.257292 0.510648 0.031250 0.108333
2 0.223958 0.587963 0.034375 0.133333
1 0.086719 0.428241 0.032813 0.084259
