3 0.269531 0.647685 0.049479 0.139815
2 0.079427 0.468056 0.027604 0.093519
2 0.618490 0.589352 0.039062 0.119444
2 0.182031 0.488426 0.031771 0.112037
2 0.084635 0.495370 0.035937 0.103704
2 0.583333 0.479630 0.029167 0.081481
2 0.396094 0.531481 0.033854 0.100000
2 0.723177 0.562500 0.029687 0.106481
2 0.164583 0.732870 0.048958 0.160185
1 0.179948 0.681481 0.044271 0.144444
1 0.674740 0.513889 0.033854 0.090741
1 0.132812 0.479167 0.030208 0.097222
1 0.074219 0.505093 0.035937 0.108333
1 0.168229 0.477315 0.029167 0.104630
1 0.015365 0.486574 0.030729 0.108333
1 0.346615 0.417593 0.031771 0.085185
1 0.251823 0.557407 0.038021 0.107407
3 0.457552 0.316667 0.022396 0.059259
1 0.788802 0.562500 0.033854 0.112037
0 0.593229 0.435185 0.018229 0.029167
