3 0.478385 0.594444 0.048438 0.122222
2 0.048438 0.504167 0.032292 0.106481
2 0.206250 0.468981 0.031250 0.100926
2 0.930208 0.608333 0.040625 0.131481
2 0.278906 0.477778 0.025521 0.107407
2 0.264844 0.488889 0.024479 0.105556
2 0.601562 0.472222 0.035417 0.090741
2 0.547396 0.495370 0.032292 0.101852
2 0.770052 0.561574 0.028646 0.112037
2 0.412760 0.701389 0.048438 0.152778
1 0.277865 0.650000 0.042188 0.138889
1 0.064583 0.549537 0.040625 0.117593
1 0.609896 0.471759 0.026042 0.095370
1 0.282292 0.440741 0.028125 0.087037
1 0.240104 0.493519 0.026042 0.105556
1 0.251302 0.459259 0.027604 0.098148
1 0.126823 0.485185 0.039062 0.112963
1 0.466146 0.432407 0.029167 0.092593
1 0.422135 0.548611 0.033854 0.110185
3 0.516667 0.312500 0.018750 0.056481
1 0.824219 0.537500 0.029687 0.112037
0 0.527344 0.403704 0.020964 0.035648
