3 0.691667 0.481019 0.030208 0.100926
1 0.985156 0.578704 0.028646 0.127778
2 0.804688 0.631944 0.028125 0.130556
0 0.293229 0.486111 0.020052 0.035648
2 0.615885 0.451852 0.033854 0.096296
1 0.828385 0.449537 0.026562 0.093519
2 0.823438 0.380093 0.027083 0.076852
1 0.973177 0.395370 0.023438 0.085185
2 0.957031 0.416204 0.029687 0.089815
1 0.847917 0.361111 0.023958 0.079630
2 0.398177 0.468981 0.021354 0.093519
2 0.263542 0.737037 0.042708 0.174074
1 0.334635 0.885185 0.045312 0.190741
1 0.252865 0.512500 0.032813 0.108333
2 0.219792 0.592593 0.034375 0.135185
1 0.079167 0.431019 0.031250 0.086111
