3 0.458594 0.603704 0.044271 0.122222
2 0.017708 0.508333 0.026042 0.105556
2 0.185156 0.468056 0.027604 0.102778
2 0.883333 0.603704 0.046875 0.125926
2 0.261198 0.475926 0.025521 0.111111
2 0.236719 0.488889 0.029687 0.105556
2 0.592187 0.472685 0.029167 0.087963
2 0.528646 0.501389 0.030208 0.097222
2 0.758073 0.559722 0.025521 0.112037
2 0.383854 0.697222 0.046875 0.166667
1 0.264583 0.653241 0.033333 0.137963
1 0.019271 0.551852 0.026042 0.116667
1 0.622917 0.476389 0.034375 0.091667
1 0.248177 0.443981 0.023438 0.087963
1 0.210417 0.491667 0.035417 0.107407
1 0.240104 0.463426 0.025000 0.097222
1 0.098177 0.482870 0.028646 0.108333
1 0.440885 0.429630 0.028646 0.085185
1 0.389323 0.547685 0.031771 0.108333
3 0.497135 0.311111 0.019271 0.055556
1 0.809375 0.534722 0.031250 0.110185
0 0.571875 0.482870 0.018229 0.030787
