3 0.350781 0.631944 0.032813 0.134259
2 0.108073 0.464815 0.025521 0.100000
2 0.705208 0.585648 0.047917 0.128704
2 0.207552 0.477778 0.024479 0.111111
2 0.128906 0.491667 0.035937 0.103704
2 0.582292 0.468519 0.033333 0.081481
2 0.432812 0.508333 0.039583 0.100000
2 0.729948 0.554167 0.029687 0.106481
2 0.255729 0.712500 0.043750 0.149074
1 0.233594 0.677315 0.047396 0.139815
1 0.680469 0.500000 0.039062 0.087037
1 0.167187 0.458796 0.023958 0.093519
1 0.114062 0.499537 0.032292 0.110185
1 0.196354 0.472685 0.032292 0.102778
1 0.035417 0.482407 0.022917 0.100000
1 0.383594 0.413889 0.028646 0.075926
1 0.292969 0.549537 0.036979 0.106481
3 0.464844 0.311111 0.024479 0.059259
1 0.790885 0.536574 0.030729 0.110185
0 0.551823 0.482870 0.017318 0.030787
