3 0.574479 0.441667 0.020833 0.098148
1 0.917708 0.547685 0.032292 0.119444
2 0.779167 0.575000 0.028125 0.120370
0 0.440625 0.528704 0.018229 0.029167
2 0.483854 0.471759 0.037500 0.082407
1 0.726042 0.458796 0.028125 0.099074
2 0.715885 0.373611 0.020313 0.080556
1 0.909896 0.405093 0.022917 0.091667
2 0.804167 0.408796 0.030208 0.087963
2 0.894271 0.447222 0.032292 0.094444
2 0.904427 0.500000 0.040104 0.112963
1 0.745313 0.354167 0.025000 0.078704
2 0.411719 0.449537 0.029687 0.084259
2 0.158594 0.701852 0.043229 0.170370
1 0.362500 0.853704 0.048958 0.177778
1 0.375521 0.501852 0.053125 0.094444
2 0.310937 0.513426 0.035417 0.102778
1 0.221094 0.385648 0.027604 0.078704
