3 0.263802 0.650000 0.045312 0.140741
2 0.077604 0.470370 0.031250 0.098148
2 0.610156 0.592130 0.036979 0.119444
2 0.178125 0.489815 0.034375 0.112963
2 0.082292 0.495370 0.033333 0.101852
2 0.584115 0.481944 0.029687 0.082407
2 0.390365 0.534722 0.033854 0.097222
2 0.722396 0.564352 0.032292 0.104630
2 0.156771 0.737037 0.042708 0.161111
1 0.175781 0.682407 0.040104 0.144444
1 0.675260 0.516204 0.034896 0.089815
1 0.130729 0.481944 0.032292 0.100926
1 0.071094 0.506019 0.032813 0.108333
1 0.166146 0.478241 0.033333 0.104630
1 0.013542 0.488889 0.027083 0.111111
1 0.344531 0.418981 0.033854 0.086111
1 0.248958 0.559722 0.035417 0.106481
3 0.457031 0.318056 0.021354 0.058333
1 0.786719 0.565278 0.031771 0.112037
0 0.597917 0.427778 0.018229 0.029167
