1 0.053646 0.708333 0.039583 0.138889
0 0.353646 0.768519 0.027344 0.038889
1 0.190365 0.529630 0.023438 0.105556
1 0.077604 0.360648 0.020833 0.078704
3 0.154688 0.223148 0.012500 0.044444
2 0.115365 0.431481 0.026562 0.094444
1 0.317448 0.325926 0.014063 0.064815
1 0.522917 0.258796 0.010417 0.050926
1 0.601042 0.371296 0.012500 0.072222
2 0.601562 0.373611 0.021875 0.076852
2 0.677604 0.301389 0.015625 0.060185
2 0.692708 0.427315 0.023958 0.082407
1 0.744271 0.546296 0.027083 0.116667
1 0.572396 0.727778 0.057292 0.146296
2 0.697656 0.709722 0.034896 0.139815
2 0.794531 0.544907 0.029687 0.115741
2 0.850000 0.376852 0.023958 0.074074
1 0.871875 0.412037 0.018750 0.081481
3 0.589844 0.439815 0.019271 0.094444
2 0.387500 0.633333 0.038542 0.135185
