1 0.079427 0.710185 0.042188 0.140741
0 0.342708 0.766667 0.025521 0.035648
1 0.200781 0.531019 0.022396 0.104630
1 0.086458 0.361111 0.019792 0.075926
3 0.162760 0.223148 0.011979 0.042593
2 0.130208 0.430093 0.029167 0.097222
1 0.324740 0.325463 0.013021 0.065741
1 0.530729 0.257870 0.012500 0.052778
1 0.608073 0.370370 0.014063 0.070370
2 0.615365 0.373148 0.021354 0.077778
2 0.687240 0.301852 0.016146 0.061111
2 0.700000 0.426852 0.021875 0.083333
1 0.752865 0.543519 0.024479 0.114815
1 0.580729 0.721296 0.055208 0.144444
2 0.713802 0.706481 0.036979 0.137037
2 0.802083 0.540278 0.023958 0.113889
2 0.856510 0.375463 0.022396 0.073148
1 0.877604 0.411111 0.019792 0.081481
3 0.597396 0.440278 0.017708 0.095370
2 0.402865 0.628704 0.035937 0.137037
