1 0.042708 0.706019 0.042708 0.137963
0 0.358333 0.769444 0.027344 0.038889
1 0.184375 0.530556 0.026042 0.105556
1 0.072917 0.360185 0.020833 0.081481
3 0.150781 0.223611 0.011979 0.043519
2 0.107552 0.431944 0.028646 0.093519
1 0.314323 0.325463 0.014063 0.065741
1 0.519010 0.258796 0.011979 0.050926
1 0.598958 0.372685 0.012500 0.073148
2 0.595052 0.373611 0.019271 0.075000
2 0.674479 0.300463 0.015625 0.058333
2 0.688542 0.427778 0.026042 0.081481
1 0.740104 0.549537 0.033333 0.119444
1 0.568750 0.727778 0.055208 0.146296
2 0.690104 0.709722 0.035417 0.143519
2 0.788802 0.544907 0.025521 0.119444
2 0.847656 0.378241 0.023438 0.075000
1 0.869531 0.412500 0.018229 0.082407
3 0.585677 0.439815 0.021354 0.092593
2 0.380729 0.635185 0.034375 0.133333
