1 0.149479 0.712500 0.036458 0.143519
0 0.315885 0.766204 0.022786 0.034028
1 0.217188 0.539815 0.028125 0.103704
1 0.104688 0.364815 0.020833 0.079630
3 0.178906 0.225000 0.011979 0.042593
2 0.163021 0.429167 0.025000 0.097222
1 0.344271 0.327315 0.017708 0.063889
1 0.548438 0.259722 0.010417 0.052778
1 0.626042 0.370833 0.015625 0.076852
2 0.645312 0.369907 0.017708 0.078704
2 0.707292 0.305556 0.016667 0.059259
2 0.718229 0.425926 0.018750 0.081481
1 0.775260 0.535648 0.026562 0.113889
1 0.598437 0.709722 0.048958 0.145370
2 0.753385 0.697222 0.029687 0.140741
2 0.822656 0.536574 0.027604 0.110185
2 0.871354 0.375926 0.019792 0.072222
1 0.891927 0.408796 0.016146 0.082407
3 0.611719 0.437963 0.019271 0.101852
2 0.437760 0.623611 0.036979 0.125000
