1 0.189583 0.712963 0.036458 0.146296
0 0.298438 0.766667 0.023698 0.035648
1 0.225521 0.543519 0.023958 0.105556
1 0.112240 0.366667 0.019271 0.079630
3 0.185677 0.224074 0.013021 0.044444
2 0.181771 0.429167 0.022917 0.095370
1 0.352865 0.326389 0.013021 0.065741
1 0.556250 0.259259 0.013542 0.050000
1 0.633333 0.372222 0.014583 0.074074
2 0.658333 0.368981 0.015625 0.078704
2 0.717969 0.305556 0.017188 0.059259
2 0.725781 0.425000 0.019271 0.081481
1 0.783333 0.532407 0.026042 0.114815
1 0.603646 0.696759 0.044792 0.137963
2 0.772396 0.691667 0.032292 0.133333
2 0.835156 0.532870 0.027604 0.110185
2 0.878385 0.375463 0.019271 0.071296
1 0.897656 0.408796 0.018229 0.082407
3 0.617969 0.438426 0.021354 0.100926
2 0.456510 0.617593 0.028646 0.129630
