1 0.236719 0.724537 0.042188 0.126852
0 0.283594 0.759259 0.024609 0.035648
1 0.243490 0.544444 0.023438 0.107407
1 0.129688 0.367130 0.018750 0.078704
3 0.197656 0.222685 0.009896 0.045370
2 0.212760 0.427778 0.026562 0.092593
1 0.369531 0.324537 0.015104 0.063889
1 0.570052 0.258333 0.013021 0.050000
1 0.641927 0.368981 0.015104 0.075000
2 0.676042 0.366667 0.018750 0.074074
2 0.732292 0.306944 0.014583 0.060185
2 0.737760 0.422222 0.020313 0.077778
1 0.793750 0.522685 0.021875 0.108333
1 0.615625 0.675463 0.045833 0.132407
2 0.791927 0.681019 0.032813 0.128704
2 0.848698 0.526852 0.033854 0.111111
2 0.886979 0.376389 0.019792 0.073148
1 0.907552 0.409259 0.018229 0.081481
3 0.625000 0.437500 0.018750 0.095370
2 0.477604 0.605556 0.031250 0.125926
