1 0.195312 0.713426 0.031250 0.147222
0 0.295312 0.766667 0.023698 0.035648
1 0.227604 0.543519 0.021875 0.105556
1 0.113542 0.366667 0.018750 0.079630
3 0.186198 0.224537 0.013021 0.045370
2 0.184375 0.429630 0.019792 0.096296
1 0.354948 0.325463 0.011979 0.065741
1 0.557292 0.259259 0.013542 0.050000
1 0.634375 0.372685 0.014583 0.073148
2 0.660156 0.368519 0.016146 0.077778
2 0.719271 0.306019 0.018750 0.060185
2 0.726823 0.425463 0.020313 0.080556
1 0.784896 0.531481 0.025000 0.114815
1 0.604427 0.695370 0.043229 0.137037
2 0.775781 0.690278 0.032813 0.132407
2 0.837760 0.533333 0.027604 0.111111
2 0.879427 0.375463 0.019271 0.071296
1 0.898958 0.408333 0.018750 0.083333
3 0.619010 0.439815 0.021354 0.100000
2 0.459635 0.616667 0.028646 0.131481
