1 0.202865 0.713889 0.032813 0.144444
0 0.292187 0.765741 0.023698 0.035648
1 0.229948 0.543981 0.022396 0.106481
1 0.115625 0.367130 0.018750 0.078704
3 0.187240 0.224074 0.011979 0.044444
2 0.189323 0.429167 0.021354 0.095370
1 0.357552 0.325463 0.014063 0.065741
1 0.559115 0.258333 0.011979 0.050000
1 0.635417 0.371759 0.014583 0.075000
2 0.663802 0.369907 0.018229 0.076852
2 0.720573 0.306019 0.017188 0.060185
2 0.728385 0.424537 0.019271 0.080556
1 0.786458 0.529167 0.023958 0.112037
1 0.606510 0.693056 0.044271 0.137963
2 0.778646 0.688889 0.031250 0.133333
2 0.840365 0.532407 0.030729 0.111111
2 0.880990 0.375463 0.019271 0.073148
1 0.900521 0.408796 0.018750 0.082407
3 0.619271 0.440278 0.020833 0.099074
2 0.461979 0.616204 0.029167 0.130556
