1 0.281771 0.706019 0.038542 0.102778
0 0.302344 0.732870 0.024609 0.037269
1 0.278385 0.532407 0.024479 0.107407
1 0.171094 0.358333 0.017188 0.077778
3 0.230990 0.217130 0.008854 0.045370
2 0.269792 0.412963 0.028125 0.088889
1 0.406250 0.318056 0.015625 0.062037
1 0.595833 0.251852 0.011458 0.048148
1 0.656771 0.356481 0.016667 0.070370
2 0.688021 0.350463 0.016667 0.071296
2 0.752865 0.303241 0.013021 0.058333
2 0.761198 0.409722 0.017188 0.076852
1 0.808594 0.499074 0.018229 0.101852
1 0.636458 0.639815 0.047917 0.127778
2 0.826302 0.656019 0.032813 0.126852
2 0.863281 0.502778 0.024479 0.111111
2 0.897656 0.368519 0.018229 0.070370
1 0.919531 0.399074 0.015104 0.079630
3 0.639844 0.429630 0.019271 0.087037
2 0.518490 0.579167 0.024479 0.121296
