1 0.255990 0.727315 0.042188 0.110185
0 0.283594 0.752778 0.024609 0.035648
1 0.254167 0.542593 0.023958 0.107407
1 0.143229 0.365278 0.017708 0.080556
3 0.208854 0.221296 0.010417 0.046296
2 0.232552 0.425000 0.028646 0.092593
1 0.381771 0.323611 0.013542 0.062037
1 0.578385 0.257870 0.014063 0.049074
1 0.646354 0.367130 0.016667 0.073148
2 0.681771 0.362037 0.019792 0.072222
2 0.740104 0.307870 0.014583 0.060185
2 0.746094 0.419444 0.019271 0.077778
1 0.799479 0.516204 0.020833 0.106481
1 0.623177 0.662500 0.046354 0.130556
2 0.804427 0.674074 0.033854 0.125926
2 0.854167 0.520833 0.030208 0.112037
2 0.890625 0.374537 0.018750 0.071296
1 0.912240 0.409259 0.018229 0.081481
3 0.630208 0.434722 0.018750 0.095370
2 0.492188 0.598148 0.032292 0.124074
