1 0.092708 0.708333 0.045833 0.140741
0 0.336979 0.766204 0.023698 0.034028
1 0.205990 0.531481 0.023438 0.103704
1 0.090625 0.361111 0.018750 0.075926
3 0.166406 0.224074 0.010937 0.040741
2 0.137240 0.429167 0.032813 0.099074
1 0.329427 0.325000 0.011979 0.066667
1 0.533854 0.258333 0.014583 0.055556
1 0.612760 0.369444 0.015104 0.068519
2 0.622656 0.373148 0.019271 0.077778
2 0.692969 0.301852 0.016146 0.061111
2 0.703646 0.427315 0.021875 0.082407
1 0.757031 0.543056 0.026562 0.115741
1 0.585156 0.717130 0.051562 0.143519
2 0.723177 0.704167 0.039062 0.136111
2 0.807552 0.538889 0.021354 0.112963
2 0.860417 0.374537 0.020833 0.073148
1 0.880729 0.410648 0.019792 0.082407
3 0.600521 0.440278 0.017708 0.095370
2 0.410677 0.625463 0.030729 0.136111
