1 0.242708 0.727778 0.043750 0.124074
0 0.283073 0.758333 0.024609 0.035648
1 0.245312 0.544444 0.022917 0.107407
1 0.132292 0.366667 0.018750 0.079630
3 0.199740 0.222685 0.009896 0.045370
2 0.216146 0.427315 0.027083 0.091667
1 0.371875 0.324537 0.014583 0.063889
1 0.572135 0.257870 0.014063 0.049074
1 0.642969 0.368981 0.015104 0.075000
2 0.677865 0.365741 0.018229 0.074074
2 0.734375 0.306944 0.014583 0.060185
2 0.739062 0.421759 0.020833 0.076852
1 0.795312 0.521296 0.021875 0.107407
1 0.617188 0.672685 0.045833 0.130556
2 0.794010 0.680556 0.033854 0.127778
2 0.850260 0.525000 0.032813 0.111111
2 0.887500 0.375926 0.019792 0.072222
1 0.908594 0.409259 0.018229 0.081481
3 0.626042 0.437037 0.018750 0.094444
2 0.480469 0.603241 0.031771 0.125000
