1 0.210417 0.715278 0.034375 0.141667
0 0.288542 0.765741 0.023698 0.035648
1 0.232552 0.544907 0.023438 0.108333
1 0.117708 0.367130 0.018750 0.076852
3 0.188802 0.223611 0.010937 0.043519
2 0.194792 0.428704 0.022917 0.094444
1 0.360156 0.326389 0.016146 0.065741
1 0.560677 0.257407 0.009896 0.050000
1 0.636719 0.371759 0.015104 0.076852
2 0.667448 0.370370 0.020313 0.075926
2 0.722135 0.305556 0.015104 0.059259
2 0.730208 0.423148 0.018750 0.079630
1 0.788281 0.526852 0.022396 0.109259
1 0.607812 0.690278 0.044792 0.139815
2 0.781510 0.687963 0.029687 0.135185
2 0.842448 0.531944 0.033854 0.110185
2 0.883073 0.375463 0.019271 0.075000
1 0.902344 0.409722 0.019271 0.082407
3 0.619792 0.440741 0.019792 0.098148
2 0.464583 0.615741 0.030208 0.129630
