3 0.464583 0.600926 0.041667 0.114815
2 0.026823 0.506481 0.031771 0.109259
2 0.190104 0.468519 0.026042 0.101852
2 0.895052 0.604167 0.043229 0.126852
2 0.266667 0.475463 0.022917 0.110185
2 0.243490 0.489352 0.024479 0.104630
2 0.593490 0.471759 0.032813 0.087963
2 0.533594 0.499074 0.028646 0.098148
2 0.761198 0.559722 0.025521 0.112037
2 0.393750 0.696759 0.051042 0.165741
1 0.266406 0.651852 0.036979 0.140741
1 0.029948 0.547685 0.028646 0.117593
1 0.620573 0.474537 0.034896 0.091667
1 0.256771 0.442593 0.018750 0.087037
1 0.216667 0.491667 0.033333 0.107407
1 0.244792 0.462500 0.026042 0.095370
1 0.105469 0.482870 0.028646 0.108333
1 0.447135 0.431481 0.027604 0.081481
1 0.397135 0.549074 0.033854 0.105556
3 0.502865 0.312037 0.019271 0.055556
1 0.812760 0.535185 0.032813 0.111111
0 0.560417 0.458333 0.021875 0.035648
