3 0.424479 0.617130 0.042708 0.126852
2 0.150000 0.465741 0.026042 0.103704
2 0.817187 0.592130 0.037500 0.128704
2 0.235937 0.476389 0.036458 0.112037
2 0.191667 0.490278 0.035417 0.106481
2 0.590365 0.471759 0.043229 0.084259
2 0.492448 0.504167 0.031771 0.097222
2 0.741927 0.558796 0.031771 0.112037
2 0.335938 0.706944 0.057292 0.154630
1 0.249219 0.663426 0.034896 0.136111
1 0.643490 0.484722 0.041146 0.086111
1 0.212500 0.450463 0.023958 0.091667
1 0.168229 0.494444 0.032292 0.109259
1 0.223958 0.471296 0.030208 0.103704
1 0.067448 0.483796 0.033854 0.104630
1 0.417969 0.420370 0.026562 0.081481
1 0.350521 0.545833 0.037500 0.112037
3 0.482031 0.311111 0.019271 0.055556
1 0.796875 0.534259 0.030208 0.111111
0 0.564844 0.453704 0.015495 0.025926
