3 0.340625 0.632407 0.044792 0.137037
2 0.102865 0.464815 0.024479 0.100000
2 0.694792 0.583796 0.042708 0.125000
2 0.205469 0.480093 0.025521 0.108333
2 0.126823 0.490741 0.035937 0.105556
2 0.581771 0.469444 0.033333 0.081481
2 0.427865 0.509259 0.036979 0.096296
2 0.730208 0.554630 0.029167 0.109259
2 0.248438 0.712500 0.051042 0.150926
1 0.228385 0.677315 0.048438 0.139815
1 0.684115 0.501852 0.038021 0.087037
1 0.163021 0.461111 0.026042 0.092593
1 0.111458 0.498611 0.040625 0.112037
1 0.193750 0.471759 0.030208 0.104630
1 0.032292 0.482407 0.026042 0.100000
1 0.377865 0.412500 0.031771 0.076852
1 0.289844 0.548148 0.040104 0.107407
3 0.463802 0.308796 0.022396 0.060185
1 0.792188 0.538889 0.029167 0.111111
0 0.552865 0.497685 0.017318 0.030787
