3 0.391667 0.623148 0.040625 0.133333
2 0.128125 0.464815 0.022917 0.103704
2 0.766146 0.591204 0.042708 0.126852
2 0.220573 0.476389 0.020313 0.112037
2 0.166667 0.490278 0.023958 0.108333
2 0.589323 0.473611 0.025521 0.080556
2 0.460417 0.500926 0.037500 0.096296
2 0.734635 0.553241 0.031771 0.112037
2 0.303125 0.710648 0.042708 0.154630
1 0.238281 0.665741 0.036979 0.138889
1 0.657031 0.487963 0.043229 0.083333
1 0.188542 0.452315 0.026042 0.091667
1 0.143229 0.496296 0.034375 0.109259
1 0.208333 0.470833 0.027083 0.106481
1 0.050000 0.481944 0.025000 0.104630
1 0.398958 0.415278 0.025000 0.075000
1 0.323437 0.545833 0.029167 0.106481
3 0.468490 0.307407 0.017188 0.057407
1 0.788542 0.536111 0.031250 0.109259
0 0.553906 0.444444 0.015495 0.025926
