3 0.467708 0.599074 0.041667 0.114815
2 0.035937 0.505093 0.032292 0.108333
2 0.196875 0.469444 0.028125 0.101852
2 0.909635 0.606019 0.042188 0.128704
2 0.271354 0.476852 0.023958 0.109259
2 0.252344 0.488889 0.024479 0.105556
2 0.596354 0.471296 0.034375 0.088889
2 0.539323 0.497222 0.030729 0.100000
2 0.764323 0.560648 0.026562 0.112037
2 0.401562 0.698611 0.050000 0.160185
1 0.271094 0.650463 0.039062 0.139815
1 0.041927 0.548611 0.032813 0.117593
1 0.616667 0.473148 0.031250 0.092593
1 0.262240 0.441667 0.019271 0.087037
1 0.226042 0.492130 0.031250 0.106481
1 0.247396 0.461574 0.026042 0.095370
1 0.113802 0.483796 0.032813 0.110185
1 0.453125 0.431481 0.025000 0.083333
1 0.403906 0.548611 0.032813 0.106481
3 0.507031 0.312963 0.019271 0.055556
1 0.815104 0.536111 0.032292 0.111111
0 0.546354 0.436111 0.021875 0.035648
