3 0.314063 0.635185 0.047917 0.140741
2 0.090625 0.461574 0.028125 0.099074
2 0.671094 0.584259 0.041146 0.122222
2 0.198437 0.481481 0.036458 0.109259
2 0.112240 0.486111 0.032813 0.105556
2 0.583073 0.473148 0.038021 0.077778
2 0.416406 0.515278 0.031771 0.097222
2 0.725521 0.553241 0.029167 0.113889
2 0.226042 0.715741 0.044792 0.151852
1 0.209375 0.676852 0.032292 0.138889
1 0.684635 0.500000 0.041146 0.090741
1 0.151562 0.461574 0.034375 0.099074
1 0.098437 0.495370 0.034375 0.109259
1 0.182812 0.472222 0.026042 0.105556
1 0.024479 0.478241 0.028125 0.106481
1 0.364844 0.407407 0.032813 0.079630
1 0.277344 0.548611 0.027604 0.106481
3 0.458854 0.306481 0.019792 0.061111
1 0.791146 0.545370 0.034375 0.111111
0 0.557292 0.513426 0.018229 0.034028
