3 0.420833 0.617593 0.045833 0.129630
2 0.146615 0.464815 0.028646 0.103704
2 0.809635 0.589352 0.034896 0.128704
2 0.234375 0.475926 0.035417 0.112963
2 0.188542 0.489352 0.037500 0.106481
2 0.590365 0.471296 0.042188 0.083333
2 0.488021 0.503704 0.032292 0.096296
2 0.739583 0.557870 0.033333 0.112037
2 0.333073 0.706481 0.057813 0.155556
1 0.247917 0.662500 0.035417 0.136111
1 0.645052 0.485648 0.041146 0.086111
1 0.208594 0.451389 0.025521 0.091667
1 0.165104 0.493981 0.031250 0.108333
1 0.222396 0.471296 0.030208 0.103704
1 0.065625 0.482870 0.034375 0.104630
1 0.415365 0.420370 0.026562 0.081481
1 0.346354 0.544907 0.035417 0.110185
3 0.480208 0.310648 0.018750 0.056481
1 0.795312 0.534259 0.030208 0.111111
0 0.563281 0.450000 0.015495 0.025926
