3 0.403125 0.620370 0.038542 0.133333
2 0.133854 0.464815 0.026042 0.103704
2 0.778646 0.589352 0.039583 0.126852
2 0.224479 0.475926 0.025000 0.112963
2 0.172917 0.489815 0.029167 0.107407
2 0.589583 0.473148 0.031250 0.081481
2 0.468490 0.501852 0.035937 0.096296
2 0.735677 0.554167 0.032813 0.112037
2 0.312500 0.708796 0.047917 0.154630
1 0.242448 0.663426 0.035937 0.136111
1 0.652865 0.486574 0.041146 0.084259
1 0.196875 0.451389 0.027083 0.091667
1 0.152604 0.496759 0.030208 0.108333
1 0.214844 0.471759 0.028646 0.104630
1 0.054688 0.481944 0.028125 0.104630
1 0.405469 0.417130 0.024479 0.076852
1 0.332552 0.546759 0.027604 0.104630
3 0.473958 0.307870 0.016667 0.056481
1 0.790104 0.535185 0.031250 0.109259
0 0.557552 0.443519 0.015495 0.025926
