3 0.380469 0.625463 0.050521 0.132407
2 0.119271 0.465741 0.023958 0.098148
2 0.746354 0.584259 0.052083 0.127778
2 0.213542 0.478704 0.028125 0.109259
2 0.153646 0.491667 0.029167 0.103704
2 0.586979 0.474074 0.030208 0.075926
2 0.448958 0.502315 0.041667 0.099074
2 0.729427 0.552778 0.023438 0.107407
2 0.290625 0.708333 0.047917 0.155556
1 0.234635 0.669907 0.039062 0.143519
1 0.659115 0.491204 0.046354 0.084259
1 0.179688 0.455093 0.025000 0.091667
1 0.132812 0.494907 0.041667 0.112037
1 0.201823 0.467130 0.025521 0.108333
1 0.041927 0.481944 0.030729 0.102778
1 0.392969 0.415278 0.027604 0.076852
1 0.313802 0.543056 0.036979 0.112037
3 0.463281 0.307407 0.020313 0.059259
1 0.788542 0.536111 0.031250 0.109259
0 0.550781 0.447222 0.015495 0.025926
