3 0.288542 0.643981 0.047917 0.137963
2 0.082292 0.464815 0.021875 0.094444
2 0.637240 0.586574 0.048438 0.121296
2 0.187760 0.483333 0.029687 0.112963
2 0.094792 0.493519 0.029167 0.103704
2 0.582552 0.475926 0.030729 0.079630
2 0.405208 0.521759 0.034375 0.100926
2 0.722917 0.556944 0.028125 0.112037
2 0.183594 0.725463 0.058854 0.152778
1 0.190104 0.679630 0.045833 0.142593
1 0.674740 0.506019 0.032813 0.091667
1 0.139323 0.472685 0.027604 0.093519
1 0.082552 0.503241 0.033854 0.106481
1 0.173437 0.474074 0.023958 0.103704
1 0.018229 0.483333 0.029167 0.107407
1 0.353646 0.415278 0.026042 0.082407
1 0.258333 0.552778 0.038542 0.107407
3 0.457552 0.312963 0.022396 0.059259
1 0.791146 0.553241 0.039583 0.112037
0 0.579167 0.461574 0.018229 0.030787
