3 0.311458 0.635648 0.046875 0.141667
2 0.089063 0.460648 0.029167 0.099074
2 0.667708 0.584259 0.041667 0.122222
2 0.197396 0.481944 0.038542 0.110185
2 0.109896 0.485648 0.032292 0.104630
2 0.583594 0.473148 0.039062 0.077778
2 0.414844 0.515741 0.030729 0.098148
2 0.723958 0.553241 0.029167 0.113889
2 0.222656 0.715278 0.042188 0.150926
1 0.207552 0.676852 0.029687 0.138889
1 0.683854 0.499537 0.041667 0.091667
1 0.150521 0.461111 0.035417 0.100000
1 0.096875 0.495833 0.032292 0.108333
1 0.181510 0.472222 0.025521 0.105556
1 0.023438 0.476852 0.028125 0.107407
1 0.363802 0.406481 0.032813 0.079630
1 0.276302 0.549074 0.025521 0.105556
3 0.458333 0.306481 0.019792 0.061111
1 0.790365 0.546296 0.034896 0.111111
0 0.557813 0.513889 0.018229 0.035648
