3 0.455208 0.605093 0.045833 0.126852
2 0.012500 0.509259 0.022917 0.103704
2 0.181771 0.468519 0.028125 0.103704
2 0.876302 0.603241 0.049479 0.125000
2 0.257552 0.476852 0.026562 0.111111
2 0.232813 0.488889 0.033333 0.105556
2 0.591406 0.473611 0.026562 0.087963
2 0.525260 0.504167 0.030729 0.097222
2 0.756510 0.559722 0.025521 0.112037
2 0.377604 0.697685 0.043750 0.167593
1 0.263542 0.653241 0.031250 0.136111
1 0.014063 0.553241 0.025000 0.115741
1 0.624479 0.477315 0.034375 0.091667
1 0.242708 0.444444 0.026042 0.088889
1 0.206771 0.491667 0.036458 0.107407
1 0.237760 0.463889 0.024479 0.098148
1 0.093490 0.482870 0.028646 0.108333
1 0.437240 0.427315 0.029687 0.086111
1 0.384375 0.546759 0.030208 0.110185
3 0.493490 0.310185 0.019271 0.055556
1 0.806771 0.534722 0.030208 0.110185
0 0.579688 0.498611 0.016406 0.027546
