3 0.233594 0.657870 0.046354 0.134259
2 0.069010 0.474074 0.026562 0.100000
2 0.581771 0.590741 0.048958 0.118519
2 0.169271 0.492593 0.036458 0.116667
2 0.065625 0.501852 0.033333 0.100000
2 0.582552 0.483796 0.033854 0.082407
2 0.376042 0.539815 0.047917 0.101852
2 0.719792 0.570370 0.034375 0.103704
2 0.124479 0.742593 0.070833 0.157407
1 0.155469 0.684259 0.046354 0.140741
1 0.658594 0.521296 0.033854 0.090741
1 0.121875 0.490741 0.028125 0.096296
1 0.053646 0.511111 0.030208 0.107407
1 0.155208 0.482407 0.026042 0.107407
1 0.008854 0.492130 0.017708 0.106481
1 0.333333 0.424537 0.027083 0.082407
1 0.225260 0.565278 0.038021 0.104630
3 0.452865 0.319907 0.016146 0.056481
1 0.779687 0.575000 0.032292 0.114815
0 0.617969 0.398148 0.017318 0.029167
