3 0.471875 0.597222 0.041667 0.114815
2 0.046615 0.504630 0.032813 0.107407
2 0.204948 0.468981 0.030729 0.100926
2 0.928125 0.607407 0.040625 0.131481
2 0.277865 0.478241 0.025521 0.108333
2 0.263021 0.487963 0.023958 0.105556
2 0.599740 0.472222 0.035937 0.090741
2 0.546354 0.494444 0.032292 0.101852
2 0.769010 0.561574 0.028646 0.112037
2 0.411719 0.701389 0.048438 0.152778
1 0.274479 0.650463 0.040625 0.139815
1 0.052604 0.548611 0.036458 0.117593
1 0.611719 0.472222 0.026562 0.094444
1 0.270052 0.439815 0.020313 0.087037
1 0.237760 0.493519 0.027604 0.105556
1 0.250521 0.460648 0.026042 0.095370
1 0.120052 0.484722 0.035937 0.112037
1 0.460938 0.431481 0.021875 0.085185
1 0.412760 0.549537 0.031771 0.108333
3 0.512500 0.313889 0.018750 0.055556
1 0.818750 0.537500 0.031250 0.112037
0 0.528646 0.405556 0.021875 0.035648
