3 0.277865 0.644444 0.055729 0.138889
2 0.081250 0.465278 0.022917 0.087963
2 0.628646 0.587500 0.041667 0.121296
2 0.186198 0.487037 0.028646 0.111111
2 0.087760 0.494444 0.039062 0.105556
2 0.582812 0.477315 0.028125 0.080556
2 0.402344 0.527315 0.033854 0.102778
2 0.724479 0.558796 0.027083 0.108333
2 0.173437 0.728241 0.056250 0.160185
1 0.185417 0.680556 0.051042 0.144444
1 0.674219 0.509722 0.032813 0.091667
1 0.136458 0.475463 0.028125 0.091667
1 0.078646 0.504167 0.040625 0.108333
1 0.170833 0.476389 0.022917 0.102778
1 0.015365 0.486574 0.030729 0.108333
1 0.350000 0.417130 0.029167 0.084259
1 0.256510 0.553704 0.042188 0.109259
3 0.458854 0.314352 0.023958 0.060185
1 0.791667 0.557407 0.037500 0.112963
0 0.587500 0.446296 0.018229 0.029167
