3 0.410156 0.618981 0.043229 0.132407
2 0.138021 0.464815 0.028125 0.103704
2 0.789844 0.587963 0.035937 0.127778
2 0.228906 0.476389 0.029687 0.113889
2 0.178646 0.489352 0.033333 0.106481
2 0.589844 0.472685 0.035937 0.082407
2 0.476302 0.501852 0.034896 0.096296
2 0.736198 0.556019 0.033854 0.112037
2 0.320573 0.707407 0.052604 0.155556
1 0.244531 0.662500 0.035937 0.136111
1 0.649740 0.487037 0.041146 0.085185
1 0.200521 0.451389 0.027083 0.091667
1 0.157292 0.495833 0.030208 0.108333
1 0.217708 0.471296 0.029167 0.103704
1 0.058854 0.481944 0.031250 0.104630
1 0.409115 0.418056 0.025521 0.078704
1 0.336979 0.545833 0.030208 0.106481
3 0.476562 0.308796 0.017708 0.056481
1 0.791927 0.534722 0.030729 0.110185
0 0.559115 0.445370 0.015495 0.025926
