3 0.364323 0.628704 0.054688 0.138889
2 0.111198 0.463889 0.027604 0.098148
2 0.725781 0.587037 0.031771 0.120370
2 0.213281 0.477778 0.033854 0.112963
2 0.142708 0.489815 0.030208 0.105556
2 0.584115 0.470370 0.036979 0.081481
2 0.443490 0.506019 0.035937 0.097222
2 0.728125 0.553241 0.028125 0.108333
2 0.271615 0.707870 0.035937 0.154630
1 0.234115 0.674074 0.039062 0.137037
1 0.668490 0.495370 0.038021 0.088889
1 0.173177 0.454167 0.032813 0.089815
1 0.122917 0.496759 0.030208 0.112037
1 0.197135 0.471296 0.026562 0.105556
1 0.039583 0.480093 0.032292 0.102778
1 0.387760 0.414352 0.030729 0.076852
1 0.303385 0.545833 0.029687 0.110185
3 0.463542 0.311574 0.022917 0.058333
1 0.789062 0.537037 0.032292 0.109259
0 0.550000 0.459259 0.016406 0.025926
