3 0.369792 0.627315 0.053125 0.136111
2 0.114062 0.464815 0.026042 0.098148
2 0.733333 0.585648 0.039583 0.123148
2 0.213281 0.478241 0.031771 0.112037
2 0.146875 0.490278 0.030208 0.104630
2 0.584896 0.471296 0.034375 0.079630
2 0.445052 0.504630 0.038021 0.098148
2 0.728906 0.552778 0.026562 0.107407
2 0.278385 0.707870 0.040104 0.154630
1 0.234115 0.672222 0.039062 0.138889
1 0.665365 0.494444 0.041146 0.087037
1 0.175521 0.454630 0.030208 0.090741
1 0.126562 0.496759 0.034375 0.112037
1 0.198437 0.469907 0.026042 0.106481
1 0.041146 0.481019 0.031250 0.102778
1 0.389323 0.414352 0.029687 0.076852
1 0.306771 0.545370 0.032292 0.111111
3 0.463021 0.309722 0.021875 0.058333
1 0.788802 0.537037 0.031771 0.109259
0 0.550521 0.454630 0.016406 0.025926
