3 0.281771 0.644444 0.053125 0.138889
2 0.081510 0.465278 0.022396 0.091667
2 0.632812 0.586574 0.044792 0.121296
2 0.186979 0.485648 0.029167 0.112037
2 0.091406 0.493981 0.034896 0.104630
2 0.582292 0.476852 0.029167 0.079630
2 0.404167 0.525000 0.034375 0.101852
2 0.723698 0.557870 0.027604 0.110185
2 0.178125 0.726389 0.057292 0.156481
1 0.186979 0.680093 0.048958 0.143519
1 0.674740 0.508796 0.032813 0.091667
1 0.137240 0.475000 0.027604 0.092593
1 0.080208 0.503704 0.038542 0.107407
1 0.171875 0.475926 0.022917 0.103704
1 0.016406 0.484259 0.029687 0.107407
1 0.351042 0.415741 0.028125 0.083333
1 0.256771 0.553704 0.040625 0.109259
3 0.458073 0.313889 0.023438 0.059259
1 0.791406 0.556481 0.038021 0.112963
0 0.584375 0.452315 0.018229 0.030787
