1 0.272656 0.714815 0.038021 0.103704
0 0.294271 0.740278 0.025521 0.037269
1 0.269010 0.537500 0.025521 0.108333
1 0.161198 0.362037 0.017188 0.079630
3 0.222656 0.219444 0.009896 0.046296
2 0.256771 0.417593 0.030208 0.090741
1 0.397656 0.320833 0.015104 0.062037
1 0.589063 0.254630 0.011458 0.048148
1 0.652344 0.360648 0.017188 0.071296
2 0.685417 0.355093 0.018750 0.071296
2 0.748177 0.305556 0.013021 0.059259
2 0.755990 0.413889 0.017188 0.077778
1 0.805469 0.505556 0.018229 0.103704
1 0.632031 0.649537 0.047396 0.130556
2 0.818750 0.663426 0.034375 0.126852
2 0.859635 0.510185 0.025521 0.111111
2 0.894792 0.371759 0.017708 0.071296
1 0.916927 0.403704 0.016146 0.081481
3 0.636719 0.432407 0.019271 0.090741
2 0.509635 0.587037 0.026562 0.122222
