1 0.225521 0.720833 0.038542 0.134259
0 0.285677 0.762037 0.024609 0.035648
1 0.238281 0.544907 0.023438 0.108333
1 0.124479 0.367593 0.018750 0.077778
3 0.193490 0.223148 0.009896 0.044444
2 0.204948 0.427778 0.025521 0.092593
1 0.365365 0.325926 0.016146 0.064815
1 0.565885 0.257407 0.010937 0.050000
1 0.639323 0.370370 0.015104 0.075926
2 0.672396 0.368981 0.019792 0.075000
2 0.727344 0.305556 0.014063 0.059259
2 0.734115 0.422685 0.019271 0.078704
1 0.791667 0.524537 0.021875 0.108333
1 0.612240 0.682407 0.045312 0.137037
2 0.787760 0.683796 0.030729 0.132407
2 0.846094 0.529630 0.034896 0.111111
2 0.885156 0.376389 0.019271 0.075000
1 0.905208 0.409259 0.018750 0.081481
3 0.622135 0.438889 0.019271 0.096296
2 0.471615 0.611111 0.030729 0.127778
