1 0.231250 0.722685 0.040625 0.130556
0 0.284635 0.761111 0.024609 0.035648
1 0.240885 0.544907 0.023438 0.108333
1 0.127083 0.367130 0.018750 0.078704
3 0.195573 0.222222 0.009896 0.044444
2 0.208854 0.427778 0.026042 0.092593
1 0.367708 0.325463 0.015625 0.063889
1 0.567969 0.258333 0.011979 0.050000
1 0.640885 0.370370 0.015104 0.075926
2 0.674219 0.367593 0.019271 0.074074
2 0.729427 0.306481 0.014063 0.059259
2 0.735938 0.422222 0.019792 0.077778
1 0.792708 0.523611 0.021875 0.108333
1 0.613802 0.679630 0.045312 0.135185
2 0.789844 0.682870 0.031771 0.130556
2 0.847396 0.528704 0.034375 0.111111
2 0.886458 0.375926 0.019792 0.074074
1 0.906771 0.409259 0.018750 0.081481
3 0.623698 0.438426 0.019271 0.095370
2 0.474479 0.607870 0.031250 0.126852
