1 0.249479 0.730093 0.045833 0.119444
0 0.282031 0.756481 0.024609 0.035648
1 0.248958 0.544907 0.022917 0.106481
1 0.135937 0.366204 0.018750 0.080556
3 0.202344 0.222222 0.009896 0.046296
2 0.221354 0.427315 0.028125 0.091667
1 0.374219 0.324074 0.014063 0.062963
1 0.574219 0.258796 0.015104 0.049074
1 0.644531 0.368519 0.015104 0.074074
2 0.679948 0.364815 0.017188 0.074074
2 0.737500 0.306944 0.014583 0.060185
2 0.741406 0.421296 0.021354 0.075926
1 0.796875 0.520370 0.021875 0.107407
1 0.619792 0.668056 0.045833 0.128704
2 0.797396 0.678241 0.035417 0.125000
2 0.851302 0.524074 0.032813 0.111111
2 0.888542 0.375926 0.019792 0.070370
1 0.909896 0.409259 0.017708 0.081481
3 0.627604 0.435648 0.018750 0.093519
2 0.484115 0.600000 0.031771 0.124074
