1 0.139844 0.712037 0.028646 0.142593
0 0.320052 0.767130 0.022786 0.034028
1 0.216667 0.538889 0.027083 0.101852
1 0.102604 0.363889 0.020833 0.079630
3 0.176563 0.225000 0.011458 0.042593
2 0.158594 0.429630 0.021354 0.100000
1 0.342708 0.326389 0.017708 0.063889
1 0.546094 0.259722 0.008854 0.054630
1 0.624219 0.370370 0.016146 0.077778
2 0.641667 0.370833 0.019792 0.078704
2 0.704688 0.306019 0.018750 0.060185
2 0.716406 0.426389 0.020313 0.080556
1 0.773438 0.536111 0.025000 0.112963
1 0.597135 0.712037 0.048438 0.146296
2 0.748437 0.696759 0.028125 0.143519
2 0.820312 0.537963 0.027083 0.111111
2 0.870052 0.375463 0.020313 0.073148
1 0.890625 0.408796 0.015625 0.082407
3 0.610417 0.438889 0.018750 0.100000
2 0.433594 0.626389 0.041146 0.125000
