1 0.214583 0.715741 0.035417 0.140741
0 0.287240 0.764815 0.024609 0.035648
1 0.233854 0.544444 0.023958 0.109259
1 0.119271 0.367593 0.018750 0.075926
3 0.189583 0.223611 0.010417 0.043519
2 0.197396 0.428241 0.023958 0.093519
1 0.361719 0.326389 0.017188 0.065741
1 0.561719 0.257407 0.008854 0.050000
1 0.637240 0.370833 0.015104 0.076852
2 0.669531 0.370833 0.021354 0.075000
2 0.722656 0.305556 0.014063 0.059259
2 0.730990 0.423148 0.018229 0.079630
1 0.789062 0.526389 0.021875 0.108333
1 0.608594 0.689815 0.045312 0.140741
2 0.783073 0.686111 0.028646 0.135185
2 0.844010 0.531944 0.035937 0.110185
2 0.884115 0.375926 0.019271 0.075926
1 0.903385 0.409722 0.019271 0.082407
3 0.620313 0.441204 0.019792 0.097222
2 0.465625 0.615278 0.030208 0.128704
