1 0.143490 0.712037 0.031771 0.142593
0 0.318490 0.767130 0.022786 0.034028
1 0.216927 0.538889 0.027604 0.101852
1 0.103125 0.363889 0.020833 0.079630
3 0.177604 0.225000 0.011458 0.042593
2 0.160417 0.430093 0.022917 0.099074
1 0.343229 0.326389 0.017708 0.063889
1 0.546875 0.259259 0.009375 0.053704
1 0.624479 0.370370 0.015625 0.077778
2 0.642708 0.369907 0.018750 0.078704
2 0.705469 0.305556 0.018229 0.059259
2 0.717187 0.426389 0.019792 0.080556
1 0.774219 0.536574 0.025521 0.113889
1 0.597396 0.711111 0.048958 0.146296
2 0.750260 0.697222 0.028646 0.142593
2 0.821615 0.537500 0.027604 0.110185
2 0.870573 0.376389 0.020313 0.073148
1 0.891146 0.408796 0.015625 0.082407
3 0.610938 0.438426 0.018750 0.100926
2 0.434896 0.625463 0.039583 0.125000
