1 0.086198 0.709259 0.044271 0.140741
0 0.339844 0.766667 0.024609 0.035648
1 0.203646 0.530556 0.022917 0.103704
1 0.088281 0.361111 0.019271 0.075926
3 0.164583 0.223611 0.011458 0.041667
2 0.133854 0.429630 0.031250 0.098148
1 0.327083 0.325463 0.012500 0.065741
1 0.532292 0.258333 0.013542 0.053704
1 0.610417 0.369907 0.014583 0.069444
2 0.619010 0.373148 0.020313 0.077778
2 0.689844 0.301852 0.016146 0.061111
2 0.701562 0.427315 0.021875 0.082407
1 0.754948 0.542593 0.025521 0.114815
1 0.583073 0.719444 0.053646 0.144444
2 0.718490 0.705093 0.038021 0.136111
2 0.804688 0.540278 0.022917 0.113889
2 0.858854 0.375463 0.021875 0.073148
1 0.879167 0.411111 0.019792 0.081481
3 0.598958 0.440278 0.017708 0.095370
2 0.406771 0.626389 0.033333 0.136111
