1 0.124740 0.709722 0.035937 0.141667
0 0.325260 0.767130 0.022786 0.034028
1 0.213281 0.536111 0.025521 0.101852
1 0.098958 0.362963 0.019792 0.077778
3 0.173698 0.224537 0.010937 0.041667
2 0.151823 0.429630 0.026562 0.100000
1 0.338281 0.325926 0.015104 0.064815
1 0.542188 0.259259 0.011458 0.055556
1 0.620573 0.370370 0.016146 0.074074
2 0.635938 0.371759 0.018750 0.078704
2 0.701042 0.304167 0.017708 0.060185
2 0.712500 0.426852 0.020833 0.081481
1 0.768229 0.539352 0.026042 0.113889
1 0.593229 0.713426 0.048958 0.145370
2 0.740885 0.699074 0.032813 0.140741
2 0.816406 0.538426 0.024479 0.112037
2 0.867448 0.375463 0.020313 0.073148
1 0.887760 0.409722 0.017188 0.082407
3 0.607031 0.439815 0.018229 0.098148
2 0.426823 0.625000 0.035937 0.129630
