1 0.207031 0.715278 0.033854 0.143519
0 0.290625 0.765741 0.023698 0.035648
1 0.231250 0.544444 0.022917 0.107407
1 0.116667 0.367593 0.018750 0.077778
3 0.188021 0.224074 0.011458 0.044444
2 0.191927 0.428704 0.022396 0.094444
1 0.358594 0.326389 0.015104 0.065741
1 0.559635 0.258333 0.010937 0.050000
1 0.635938 0.372222 0.014583 0.075926
2 0.665885 0.369444 0.019271 0.075926
2 0.721615 0.306019 0.016146 0.060185
2 0.729427 0.423611 0.019271 0.080556
1 0.787760 0.528704 0.023438 0.111111
1 0.607031 0.691667 0.044271 0.138889
2 0.780208 0.688426 0.030208 0.134259
2 0.841146 0.532407 0.032292 0.111111
2 0.882031 0.375926 0.019271 0.074074
1 0.901563 0.408796 0.018750 0.082407
3 0.619531 0.439815 0.020313 0.098148
2 0.463281 0.615741 0.029687 0.129630
