1 0.262760 0.723611 0.038021 0.100926
0 0.285156 0.748611 0.024609 0.037269
1 0.260677 0.541204 0.025521 0.108333
1 0.150781 0.365278 0.016146 0.080556
3 0.215625 0.220370 0.011458 0.046296
2 0.240365 0.423148 0.028646 0.092593
1 0.389062 0.322222 0.012500 0.061111
1 0.582292 0.256944 0.012500 0.049074
1 0.648177 0.364815 0.018229 0.072222
2 0.683594 0.360185 0.022396 0.070370
2 0.743490 0.307870 0.015104 0.060185
2 0.750781 0.417130 0.017188 0.078704
1 0.802604 0.510648 0.019792 0.104630
1 0.627344 0.657407 0.046354 0.133333
2 0.812500 0.668981 0.032292 0.126852
2 0.857031 0.517593 0.027604 0.112963
2 0.893229 0.374074 0.017708 0.072222
1 0.914062 0.408333 0.018750 0.081481
3 0.633333 0.433333 0.018750 0.096296
2 0.500521 0.595370 0.032292 0.124074
