1 0.118490 0.709722 0.039062 0.141667
0 0.327344 0.767130 0.022786 0.034028
1 0.212500 0.535185 0.025000 0.101852
1 0.097135 0.362963 0.019271 0.077778
3 0.172656 0.224074 0.010937 0.040741
2 0.149219 0.429630 0.028646 0.100000
1 0.336719 0.326389 0.014063 0.065741
1 0.540625 0.259259 0.012500 0.055556
1 0.619531 0.369444 0.016146 0.072222
2 0.633854 0.371759 0.018750 0.078704
2 0.699740 0.303241 0.017188 0.060185
2 0.710417 0.426852 0.020833 0.081481
1 0.765625 0.540741 0.026042 0.114815
1 0.591927 0.713889 0.049479 0.144444
2 0.737760 0.700463 0.034896 0.139815
2 0.814844 0.538426 0.023438 0.112037
2 0.865885 0.375463 0.020313 0.073148
1 0.886458 0.409722 0.017708 0.082407
3 0.605990 0.439352 0.018229 0.097222
2 0.423698 0.624537 0.033854 0.130556
