1 0.220052 0.717593 0.036979 0.137037
0 0.286198 0.763889 0.024609 0.035648
1 0.235937 0.544907 0.023958 0.108333
1 0.121875 0.367130 0.018750 0.076852
3 0.191667 0.222685 0.010417 0.043519
2 0.200781 0.428241 0.024479 0.093519
1 0.363542 0.325926 0.016667 0.064815
1 0.563802 0.257407 0.009896 0.050000
1 0.638281 0.370833 0.015104 0.076852
2 0.671354 0.369907 0.020833 0.075000
2 0.725260 0.305556 0.014063 0.059259
2 0.732812 0.423148 0.018750 0.079630
1 0.790625 0.525463 0.021875 0.108333
1 0.610156 0.686111 0.045312 0.138889
2 0.785677 0.685648 0.029687 0.134259
2 0.844792 0.531019 0.035417 0.110185
2 0.884635 0.375463 0.019271 0.075000
1 0.904167 0.409722 0.018750 0.082407
3 0.621094 0.439815 0.019271 0.096296
2 0.468490 0.613426 0.030729 0.128704
