1 0.277865 0.708796 0.038021 0.104630
0 0.298958 0.735648 0.025521 0.037269
1 0.274219 0.534722 0.025521 0.108333
1 0.166667 0.360648 0.017708 0.078704
3 0.226823 0.219444 0.008854 0.046296
2 0.264062 0.414815 0.031250 0.088889
1 0.402604 0.319444 0.016667 0.062963
1 0.592969 0.253704 0.010937 0.048148
1 0.654427 0.357870 0.017188 0.071296
2 0.685937 0.352315 0.016667 0.071296
2 0.750260 0.304630 0.011979 0.059259
2 0.758594 0.412500 0.017188 0.076852
1 0.807292 0.502315 0.017708 0.102778
1 0.634635 0.645370 0.048438 0.129630
2 0.823177 0.660648 0.035937 0.126852
2 0.861198 0.505556 0.024479 0.109259
2 0.895312 0.370833 0.017708 0.071296
1 0.918229 0.400463 0.014583 0.080556
3 0.638542 0.431944 0.019792 0.087963
2 0.514844 0.581944 0.023438 0.121296
