1 0.278385 0.708796 0.038021 0.104630
0 0.299479 0.735648 0.025521 0.037269
1 0.275000 0.534722 0.025000 0.108333
1 0.167708 0.359722 0.017708 0.078704
3 0.227865 0.218519 0.008854 0.046296
2 0.265365 0.414815 0.030729 0.088889
1 0.403646 0.319444 0.016667 0.062963
1 0.593490 0.252778 0.010937 0.048148
1 0.654687 0.357870 0.016667 0.071296
2 0.686458 0.352315 0.016667 0.071296
2 0.750781 0.304167 0.011979 0.058333
2 0.759115 0.411574 0.017188 0.076852
1 0.807292 0.501852 0.017708 0.101852
1 0.635156 0.644444 0.048438 0.129630
2 0.823177 0.659722 0.034896 0.126852
2 0.861719 0.505093 0.024479 0.110185
2 0.895833 0.369444 0.017708 0.070370
1 0.918229 0.400463 0.014583 0.080556
3 0.639062 0.431019 0.019792 0.087963
2 0.515365 0.581944 0.023438 0.121296
