1 0.062500 0.710648 0.037500 0.139815
0 0.350260 0.767593 0.028255 0.038889
1 0.194531 0.528704 0.021354 0.105556
1 0.081250 0.360648 0.020833 0.076852
3 0.158073 0.222222 0.013021 0.044444
2 0.121875 0.430093 0.025000 0.095370
1 0.319792 0.325463 0.014583 0.063889
1 0.526042 0.258333 0.009375 0.050000
1 0.602083 0.370370 0.012500 0.072222
2 0.606250 0.372222 0.023958 0.077778
2 0.680469 0.301389 0.016146 0.062037
2 0.695573 0.426852 0.022396 0.083333
1 0.748177 0.543519 0.022396 0.114815
1 0.575521 0.726389 0.059375 0.145370
2 0.703385 0.709259 0.034896 0.137037
2 0.795573 0.542130 0.026562 0.115741
2 0.852344 0.376389 0.024479 0.073148
1 0.873177 0.411111 0.019271 0.079630
3 0.592708 0.439815 0.017708 0.096296
2 0.393229 0.632407 0.041667 0.137037
