1 0.105990 0.708796 0.045312 0.141667
0 0.332031 0.767130 0.022786 0.034028
1 0.210156 0.532870 0.024479 0.102778
1 0.094271 0.362500 0.018750 0.076852
3 0.169792 0.225000 0.010417 0.040741
2 0.143490 0.429630 0.032813 0.100000
1 0.333073 0.325000 0.011979 0.066667
1 0.537240 0.258796 0.015104 0.056481
1 0.616927 0.369907 0.016146 0.069444
2 0.628906 0.372685 0.018229 0.078704
2 0.696875 0.302778 0.016667 0.061111
2 0.707031 0.427315 0.021354 0.082407
1 0.761458 0.541667 0.027083 0.114815
1 0.588802 0.714352 0.049479 0.143519
2 0.730729 0.701852 0.038542 0.137037
2 0.811719 0.538426 0.021354 0.112037
2 0.863802 0.374537 0.020313 0.073148
1 0.884115 0.410648 0.019271 0.082407
3 0.603646 0.440278 0.017708 0.095370
2 0.417969 0.623611 0.029687 0.134259
