1 0.037240 0.704630 0.044271 0.137037
0 0.360417 0.769444 0.027344 0.038889
1 0.181510 0.530556 0.027604 0.105556
1 0.070312 0.360185 0.020833 0.083333
3 0.148438 0.223611 0.011458 0.043519
2 0.103125 0.432870 0.029167 0.093519
1 0.312760 0.325926 0.014063 0.066667
1 0.516667 0.260185 0.012500 0.051852
1 0.598177 0.373611 0.011979 0.073148
2 0.591667 0.374074 0.017708 0.074074
2 0.672656 0.300000 0.015104 0.057407
2 0.686979 0.428241 0.027083 0.080556
1 0.738021 0.550926 0.036458 0.120370
1 0.567187 0.728704 0.054167 0.146296
2 0.686458 0.710648 0.035417 0.145370
2 0.786979 0.544444 0.023958 0.120370
2 0.846354 0.378241 0.022917 0.075000
1 0.868229 0.412963 0.017708 0.083333
3 0.584115 0.439352 0.022396 0.091667
2 0.377083 0.636574 0.032292 0.132407
