1 0.161719 0.712500 0.046354 0.145370
0 0.310937 0.765278 0.023698 0.034028
1 0.217969 0.541667 0.029687 0.105556
1 0.107292 0.364815 0.020833 0.079630
3 0.180990 0.225000 0.011979 0.042593
2 0.169010 0.429167 0.029687 0.095370
1 0.346354 0.327778 0.017708 0.064815
1 0.551302 0.259259 0.011979 0.051852
1 0.628906 0.371296 0.015104 0.075926
2 0.650000 0.368519 0.015625 0.079630
2 0.710417 0.304167 0.013542 0.058333
2 0.721094 0.425463 0.017188 0.082407
1 0.777344 0.534722 0.028646 0.115741
1 0.599479 0.706481 0.048958 0.144444
2 0.759375 0.696296 0.031250 0.137037
2 0.825521 0.534722 0.028125 0.108333
2 0.873437 0.376389 0.019792 0.071296
1 0.893490 0.409722 0.017188 0.082407
3 0.614323 0.437037 0.020313 0.103704
2 0.442448 0.621296 0.031771 0.125926
