1 0.173437 0.712963 0.050000 0.146296
0 0.306250 0.765741 0.023698 0.035648
1 0.219792 0.542593 0.029167 0.107407
1 0.109896 0.365741 0.020833 0.079630
3 0.183333 0.225463 0.012500 0.043519
2 0.174740 0.428704 0.030729 0.094444
1 0.348438 0.327778 0.016667 0.064815
1 0.553906 0.258333 0.013021 0.050000
1 0.631250 0.371296 0.014583 0.074074
2 0.654167 0.368519 0.014583 0.079630
2 0.713802 0.304630 0.013021 0.057407
2 0.723437 0.424537 0.016667 0.082407
1 0.779687 0.533796 0.029167 0.115741
1 0.601042 0.703704 0.047917 0.142593
2 0.765104 0.695833 0.032292 0.134259
2 0.828646 0.533333 0.028125 0.107407
2 0.875521 0.377315 0.019792 0.071296
1 0.894792 0.409722 0.017708 0.082407
3 0.616146 0.436111 0.020833 0.103704
2 0.447656 0.619907 0.028646 0.126852
