1 0.100781 0.708796 0.048438 0.141667
0 0.333594 0.766204 0.022786 0.034028
1 0.209375 0.531944 0.023958 0.102778
1 0.092969 0.362037 0.018229 0.075926
3 0.168750 0.224537 0.010417 0.039815
2 0.140885 0.429630 0.034896 0.100000
1 0.331771 0.325000 0.011458 0.066667
1 0.535937 0.258796 0.015625 0.056481
1 0.615885 0.368981 0.016146 0.067593
2 0.627083 0.373611 0.017708 0.078704
2 0.696094 0.302778 0.016146 0.061111
2 0.705729 0.427315 0.021875 0.082407
1 0.759115 0.543056 0.027604 0.115741
1 0.588021 0.715278 0.050000 0.143519
2 0.727865 0.702315 0.040104 0.136111
2 0.810677 0.537500 0.020313 0.112037
2 0.862760 0.374537 0.020313 0.073148
1 0.882812 0.410648 0.019792 0.082407
3 0.602604 0.441204 0.017708 0.095370
2 0.414844 0.623611 0.027604 0.136111
