1 0.198698 0.713889 0.031771 0.146296
0 0.293750 0.766667 0.023698 0.035648
1 0.228646 0.543519 0.021875 0.105556
1 0.114583 0.366204 0.018750 0.078704
3 0.186979 0.224074 0.012500 0.044444
2 0.186719 0.429630 0.020313 0.096296
1 0.355729 0.325463 0.012500 0.065741
1 0.557813 0.259259 0.012500 0.050000
1 0.634375 0.372222 0.014583 0.074074
2 0.661719 0.369444 0.017188 0.077778
2 0.720052 0.306019 0.018229 0.060185
2 0.727083 0.424537 0.019792 0.080556
1 0.785677 0.531019 0.024479 0.113889
1 0.605208 0.693519 0.043750 0.137037
2 0.776823 0.689815 0.031771 0.133333
2 0.839063 0.533333 0.029167 0.111111
2 0.879948 0.375926 0.019271 0.072222
1 0.899479 0.407870 0.018750 0.082407
3 0.618750 0.439352 0.020833 0.099074
2 0.460938 0.616204 0.029167 0.130556
