1 0.112240 0.709722 0.042188 0.141667
0 0.329427 0.767130 0.022786 0.034028
1 0.211198 0.534259 0.024479 0.101852
1 0.095312 0.362500 0.018750 0.076852
3 0.170833 0.225000 0.010417 0.040741
2 0.146094 0.429630 0.030729 0.100000
1 0.334635 0.325463 0.013021 0.065741
1 0.539323 0.259259 0.014063 0.055556
1 0.617969 0.369907 0.016146 0.071296
2 0.630990 0.372685 0.018229 0.078704
2 0.698698 0.303241 0.017188 0.060185
2 0.709115 0.426852 0.021354 0.081481
1 0.763281 0.540741 0.026562 0.114815
1 0.590365 0.713889 0.049479 0.144444
2 0.734115 0.700463 0.036979 0.137963
2 0.813281 0.538426 0.022396 0.112037
2 0.864844 0.374537 0.020313 0.073148
1 0.885417 0.409722 0.018750 0.082407
3 0.604948 0.439815 0.018229 0.096296
2 0.420573 0.624537 0.031771 0.132407
