1 0.048177 0.706944 0.041146 0.137963
0 0.355729 0.768519 0.027344 0.038889
1 0.187500 0.529630 0.025000 0.105556
1 0.075000 0.360648 0.020833 0.080556
3 0.152865 0.223148 0.011979 0.044444
2 0.111719 0.431481 0.027604 0.094444
1 0.315885 0.325463 0.014063 0.065741
1 0.520833 0.258796 0.011458 0.050926
1 0.600000 0.372222 0.012500 0.072222
2 0.598177 0.373148 0.020313 0.075926
2 0.676042 0.300926 0.015625 0.059259
2 0.690625 0.428241 0.025000 0.082407
1 0.742188 0.547685 0.030208 0.117593
1 0.570833 0.727778 0.056250 0.146296
2 0.694271 0.709722 0.035417 0.141667
2 0.791146 0.543981 0.027083 0.117593
2 0.848698 0.376852 0.023438 0.074074
1 0.870573 0.412037 0.018229 0.081481
3 0.587760 0.439352 0.020313 0.093519
2 0.384375 0.634722 0.036458 0.134259
