2 0.042188 0.215741 0.019792 0.070370
3 0.607812 0.061111 0.010417 0.048148
2 0.178385 0.503704 0.020313 0.096296
1 0.142187 0.625926 0.030208 0.098148
2 0.332552 0.377315 0.019271 0.082407
1 0.338802 0.412037 0.022396 0.081481
2 0.486198 0.294444 0.018229 0.077778
2 0.307292 0.775926 0.029167 0.114815
1 0.448698 0.592593 0.026562 0.101852
2 0.456250 0.547685 0.029167 0.091667
1 0.589063 0.402778 0.022917 0.072222
3 0.682292 0.434259 0.014583 0.081481
2 0.729948 0.267593 0.017188 0.070370
1 0.725260 0.695370 0.024479 0.105556
2 0.687500 0.857870 0.031250 0.117593
