2 0.063542 0.210185 0.018750 0.070370
3 0.628906 0.055556 0.011979 0.048148
2 0.205990 0.489352 0.021354 0.095370
1 0.127604 0.630093 0.029167 0.095370
2 0.342187 0.376852 0.018750 0.079630
1 0.354427 0.404167 0.024479 0.082407
2 0.501823 0.290278 0.018229 0.076852
2 0.340625 0.747685 0.027083 0.104630
0 0.478906 0.574074 0.011849 0.022685
1 0.455729 0.628704 0.030208 0.107407
2 0.488281 0.559722 0.021354 0.097222
1 0.632292 0.379630 0.019792 0.068519
3 0.702344 0.431019 0.024479 0.080556
2 0.748698 0.266667 0.021354 0.072222
1 0.759115 0.672222 0.029687 0.101852
2 0.731771 0.857407 0.033333 0.118519
