2 0.030208 0.220370 0.021875 0.070370
3 0.599479 0.062963 0.010417 0.048148
2 0.164062 0.506481 0.017708 0.096296
1 0.158073 0.609722 0.026562 0.097222
2 0.331510 0.372222 0.020313 0.079630
1 0.338542 0.418519 0.027083 0.079630
2 0.482031 0.293056 0.018229 0.076852
2 0.292448 0.791204 0.029687 0.112037
0 0.434115 0.562500 0.008203 0.021065
1 0.451562 0.567593 0.023958 0.096296
2 0.441927 0.537963 0.022396 0.087037
1 0.558594 0.419444 0.023438 0.074074
3 0.676302 0.438426 0.015104 0.082407
2 0.723958 0.265741 0.015625 0.070370
1 0.717708 0.700463 0.023958 0.106481
2 0.666927 0.856944 0.027604 0.117593
2 0.989844 0.403704 0.019271 0.074074
