2 0.112760 0.205556 0.018229 0.070370
3 0.691667 0.053704 0.012500 0.051852
2 0.277083 0.463426 0.023958 0.086111
1 0.158594 0.683333 0.030729 0.105556
2 0.390885 0.384259 0.020313 0.079630
1 0.409115 0.393056 0.021354 0.082407
2 0.566927 0.288426 0.016146 0.076852
2 0.414323 0.706481 0.026562 0.096296
0 0.478646 0.597222 0.016406 0.035648
1 0.525260 0.681481 0.033854 0.109259
2 0.566406 0.587037 0.032813 0.100000
1 0.743229 0.351852 0.021875 0.064815
3 0.809896 0.424074 0.030208 0.079630
2 0.830729 0.259259 0.022917 0.070370
1 0.909635 0.629167 0.038021 0.089815
2 0.894010 0.831481 0.043229 0.109259
