2 0.021354 0.223148 0.023958 0.070370
3 0.600000 0.066667 0.014583 0.048148
2 0.160417 0.513426 0.023958 0.091667
1 0.169010 0.588889 0.027604 0.094444
2 0.332813 0.367593 0.020833 0.075926
1 0.340625 0.425463 0.029167 0.080556
2 0.482031 0.293981 0.018229 0.076852
2 0.284115 0.811111 0.027604 0.114815
0 0.353385 0.548611 0.017318 0.021065
1 0.452083 0.547685 0.031250 0.099074
2 0.434375 0.532407 0.028125 0.085185
1 0.531250 0.436111 0.033333 0.074074
3 0.677344 0.442593 0.020313 0.083333
2 0.723698 0.269444 0.019271 0.072222
1 0.718750 0.704167 0.023958 0.110185
2 0.658333 0.853241 0.029167 0.115741
2 0.985156 0.403704 0.018229 0.081481
