2 0.072396 0.209259 0.018750 0.070370
3 0.637760 0.054167 0.010937 0.047222
2 0.218490 0.484259 0.020313 0.092593
1 0.124479 0.641667 0.031250 0.094444
2 0.347656 0.377778 0.015104 0.079630
1 0.359635 0.402315 0.023438 0.082407
2 0.510417 0.290278 0.017708 0.076852
2 0.353385 0.739352 0.027604 0.104630
0 0.491406 0.586574 0.013672 0.024306
1 0.459115 0.641667 0.030729 0.109259
2 0.500260 0.566667 0.017188 0.094444
1 0.647917 0.371759 0.021875 0.065741
3 0.715104 0.430556 0.025000 0.077778
2 0.761198 0.267593 0.020313 0.068519
1 0.789583 0.659722 0.026042 0.100926
2 0.763021 0.854167 0.034375 0.117593
