2 0.101562 0.206481 0.018750 0.070370
3 0.672396 0.052778 0.009375 0.048148
2 0.258073 0.469907 0.024479 0.087963
1 0.139583 0.670370 0.030208 0.105556
2 0.377083 0.382407 0.019792 0.079630
1 0.392708 0.394907 0.020833 0.082407
2 0.548438 0.289352 0.016667 0.076852
2 0.388542 0.709722 0.021875 0.097222
0 0.490885 0.566667 0.013672 0.019444
1 0.492188 0.676852 0.031250 0.103704
2 0.541146 0.576852 0.021875 0.088889
1 0.709635 0.354630 0.018229 0.059259
3 0.769531 0.423611 0.025521 0.075000
2 0.805469 0.261111 0.021354 0.072222
1 0.866406 0.636111 0.030729 0.085185
2 0.849219 0.843056 0.044271 0.115741
