2 0.115625 0.205556 0.017708 0.070370
3 0.697135 0.052778 0.013021 0.051852
2 0.284896 0.460185 0.019792 0.085185
1 0.167708 0.688889 0.031250 0.105556
2 0.398438 0.385185 0.020833 0.079630
1 0.414062 0.393056 0.021875 0.082407
2 0.572917 0.287500 0.015625 0.076852
2 0.421354 0.701389 0.025000 0.093519
0 0.470833 0.624074 0.016406 0.035648
1 0.537240 0.684722 0.046354 0.108333
2 0.581250 0.586574 0.030208 0.093519
1 0.754948 0.350463 0.019271 0.063889
3 0.822656 0.422222 0.036979 0.075926
2 0.838542 0.257870 0.022917 0.067593
1 0.920573 0.626389 0.040104 0.091667
2 0.909896 0.825926 0.045833 0.105556
