2 0.074479 0.209259 0.018750 0.070370
3 0.639844 0.054167 0.010937 0.047222
2 0.221354 0.482870 0.020833 0.091667
1 0.124479 0.643519 0.031250 0.090741
2 0.349219 0.377778 0.014063 0.079630
1 0.361198 0.402315 0.023438 0.082407
2 0.512500 0.291204 0.017708 0.076852
2 0.356250 0.737500 0.027083 0.104630
0 0.494271 0.589352 0.012760 0.021065
1 0.459896 0.644444 0.030208 0.109259
2 0.503646 0.569907 0.015625 0.093519
1 0.651823 0.370833 0.022396 0.065741
3 0.717708 0.430093 0.023958 0.076852
2 0.764323 0.266667 0.019271 0.066667
1 0.794792 0.657407 0.026042 0.100000
2 0.770052 0.854167 0.033854 0.117593
