2 0.113802 0.205556 0.018229 0.070370
3 0.693750 0.053704 0.012500 0.051852
2 0.279948 0.462500 0.022396 0.086111
1 0.161719 0.685185 0.030729 0.105556
2 0.393490 0.384259 0.020313 0.079630
1 0.410677 0.393056 0.021354 0.082407
2 0.568750 0.288426 0.015625 0.076852
2 0.416667 0.704167 0.026042 0.095370
0 0.476042 0.606481 0.016406 0.035648
1 0.529427 0.682407 0.038021 0.109259
2 0.571354 0.587037 0.032292 0.098148
1 0.747135 0.351852 0.021354 0.064815
3 0.814583 0.424074 0.030208 0.079630
2 0.833333 0.258796 0.022917 0.069444
1 0.913021 0.628704 0.038542 0.090741
2 0.898958 0.829167 0.043750 0.108333
