2 0.077083 0.209259 0.018750 0.070370
3 0.641146 0.054167 0.010417 0.047222
2 0.224479 0.481944 0.020833 0.091667
1 0.124479 0.644444 0.031250 0.088889
2 0.349740 0.377778 0.013021 0.079630
1 0.361458 0.402315 0.022917 0.082407
2 0.513542 0.291204 0.017708 0.076852
2 0.359375 0.735648 0.027083 0.104630
0 0.495573 0.590278 0.011849 0.017824
1 0.460417 0.646296 0.030208 0.109259
2 0.504948 0.570370 0.015104 0.092593
1 0.653646 0.369907 0.022917 0.065741
3 0.719792 0.430093 0.023958 0.076852
2 0.765885 0.267593 0.019271 0.066667
1 0.797396 0.655093 0.026042 0.099074
2 0.773958 0.853241 0.033333 0.117593
