2 0.111458 0.205556 0.018750 0.070370
3 0.688542 0.053241 0.012500 0.050926
2 0.272135 0.465741 0.026562 0.087037
1 0.155469 0.681481 0.030729 0.105556
2 0.388802 0.383333 0.020313 0.079630
1 0.405990 0.392130 0.021354 0.082407
2 0.562760 0.289352 0.016146 0.076852
2 0.410156 0.709259 0.027604 0.098148
0 0.481250 0.587963 0.016406 0.035648
1 0.518229 0.678704 0.026042 0.109259
2 0.557552 0.586111 0.034896 0.103704
1 0.735677 0.353704 0.023438 0.064815
3 0.800260 0.424074 0.029687 0.079630
2 0.826042 0.260185 0.022917 0.072222
1 0.902865 0.631019 0.036979 0.087963
2 0.883594 0.834722 0.041146 0.112037
