2 0.047656 0.214815 0.018229 0.070370
3 0.613281 0.059259 0.010937 0.048148
2 0.186719 0.501852 0.024479 0.096296
1 0.137760 0.625926 0.039062 0.096296
2 0.335677 0.377778 0.019271 0.081481
1 0.343229 0.409259 0.022917 0.081481
2 0.489844 0.293056 0.018229 0.076852
2 0.314583 0.765278 0.023958 0.110185
0 0.461719 0.575463 0.008203 0.021065
1 0.445833 0.602315 0.029167 0.102778
2 0.461458 0.554167 0.023958 0.091667
1 0.599219 0.397685 0.018229 0.071296
3 0.687760 0.433333 0.016146 0.081481
2 0.732812 0.266667 0.016667 0.068519
1 0.731250 0.690741 0.023958 0.103704
2 0.695052 0.857870 0.036979 0.117593
