2 0.079167 0.208333 0.018750 0.070370
3 0.645052 0.054167 0.010937 0.047222
2 0.227344 0.481019 0.021354 0.091667
1 0.126042 0.649074 0.031250 0.103704
2 0.353125 0.378704 0.014583 0.079630
1 0.365625 0.401389 0.022917 0.082407
2 0.517708 0.290278 0.017708 0.076852
2 0.362500 0.732870 0.027083 0.104630
0 0.498437 0.581019 0.016406 0.034028
1 0.464062 0.650463 0.033333 0.110185
2 0.509635 0.571759 0.017188 0.093519
1 0.661198 0.368056 0.023438 0.065741
3 0.726302 0.429167 0.022396 0.076852
2 0.771094 0.266204 0.019271 0.067593
1 0.805208 0.652778 0.027083 0.096296
2 0.783854 0.852315 0.033333 0.117593
