2 0.081250 0.208333 0.018750 0.070370
3 0.648438 0.054630 0.011458 0.048148
2 0.229948 0.479630 0.021354 0.090741
1 0.126042 0.650000 0.031250 0.105556
2 0.355469 0.378704 0.015104 0.079630
1 0.367969 0.400463 0.022396 0.082407
2 0.520833 0.290278 0.017708 0.076852
2 0.365625 0.731019 0.027083 0.104630
0 0.498437 0.580556 0.016406 0.035648
1 0.464062 0.650463 0.033333 0.110185
2 0.512240 0.571759 0.018229 0.093519
1 0.666667 0.365741 0.023958 0.064815
3 0.730729 0.428704 0.021875 0.077778
2 0.774219 0.265278 0.019271 0.067593
1 0.810677 0.650926 0.027604 0.094444
2 0.790625 0.851852 0.033333 0.116667
