2 0.085938 0.208333 0.018750 0.070370
3 0.653646 0.054167 0.011458 0.049074
2 0.235937 0.477778 0.021875 0.090741
1 0.128646 0.654630 0.031250 0.105556
2 0.360417 0.379630 0.016667 0.079630
1 0.372917 0.398611 0.021875 0.082407
2 0.526302 0.289352 0.017188 0.076852
2 0.371615 0.727315 0.026562 0.104630
0 0.500260 0.573148 0.013672 0.029167
1 0.470573 0.659259 0.030729 0.105556
2 0.518229 0.572222 0.020833 0.094444
1 0.677344 0.362963 0.024479 0.064815
3 0.739844 0.426389 0.020313 0.078704
2 0.781771 0.264352 0.019792 0.069444
1 0.821354 0.646759 0.029167 0.089815
2 0.804167 0.850000 0.033333 0.116667
