2 0.083333 0.208333 0.018750 0.070370
3 0.651042 0.053704 0.011458 0.048148
2 0.233333 0.478704 0.021875 0.090741
1 0.126562 0.650926 0.031250 0.105556
2 0.358073 0.379630 0.016146 0.079630
1 0.370312 0.399537 0.021875 0.082407
2 0.523177 0.290278 0.017188 0.076852
2 0.368750 0.729167 0.027083 0.104630
0 0.501042 0.578704 0.010938 0.022685
1 0.464844 0.655556 0.028646 0.103704
2 0.515625 0.571759 0.019792 0.093519
1 0.672135 0.364815 0.024479 0.064815
3 0.735417 0.427778 0.020833 0.077778
2 0.777865 0.264815 0.019271 0.068519
1 0.816406 0.649074 0.028646 0.092593
2 0.797396 0.850926 0.033333 0.116667
