2 0.051302 0.213889 0.018229 0.070370
3 0.614844 0.059259 0.010937 0.048148
2 0.190104 0.499537 0.025000 0.097222
1 0.135417 0.628241 0.034375 0.099074
2 0.336719 0.377778 0.019271 0.081481
1 0.345052 0.408796 0.023438 0.082407
2 0.490885 0.292130 0.018229 0.076852
2 0.320573 0.762037 0.024479 0.109259
0 0.461719 0.575463 0.008203 0.021065
1 0.448437 0.608333 0.028125 0.103704
2 0.467448 0.555093 0.023438 0.093519
1 0.607031 0.394444 0.019271 0.072222
3 0.689844 0.432870 0.017188 0.080556
2 0.736198 0.267130 0.018229 0.069444
1 0.736979 0.686111 0.027083 0.101852
2 0.704688 0.856944 0.034375 0.117593
