2 0.057552 0.212037 0.018229 0.070370
3 0.619792 0.057407 0.011458 0.048148
2 0.195573 0.495370 0.025521 0.100000
1 0.131510 0.633333 0.026562 0.103704
2 0.339583 0.377315 0.018750 0.080556
1 0.349479 0.406019 0.023958 0.082407
2 0.495052 0.291204 0.018229 0.076852
2 0.330729 0.754167 0.026042 0.106481
0 0.468229 0.570370 0.010938 0.025926
1 0.452344 0.617593 0.026562 0.105556
2 0.477865 0.555093 0.022396 0.095370
1 0.619271 0.387963 0.020833 0.074074
3 0.694792 0.431944 0.018750 0.080556
2 0.740885 0.267130 0.020313 0.071296
1 0.747396 0.678241 0.032292 0.099074
2 0.719792 0.856944 0.030208 0.117593
