2 0.110937 0.205556 0.018750 0.070370
3 0.688021 0.053241 0.012500 0.050926
2 0.271615 0.465741 0.026562 0.087037
1 0.152865 0.679630 0.030729 0.105556
2 0.386198 0.383333 0.020313 0.079630
1 0.405990 0.393056 0.021354 0.082407
2 0.562240 0.289352 0.016146 0.076852
2 0.409375 0.709259 0.027083 0.098148
0 0.482812 0.588889 0.016406 0.035648
1 0.517188 0.678704 0.026042 0.109259
2 0.556771 0.586111 0.034375 0.103704
1 0.735156 0.353704 0.023438 0.064815
3 0.798958 0.424074 0.029167 0.079630
2 0.825521 0.260185 0.022917 0.072222
1 0.901823 0.631019 0.036979 0.087963
2 0.882552 0.834722 0.041146 0.112037
