2 0.096875 0.207407 0.018750 0.070370
3 0.667969 0.053241 0.010937 0.049074
2 0.251302 0.472222 0.023438 0.088889
1 0.136198 0.666667 0.030729 0.105556
2 0.372396 0.381481 0.019792 0.079630
1 0.386458 0.395833 0.020833 0.082407
2 0.541667 0.288426 0.016667 0.076852
2 0.385417 0.715278 0.023958 0.100926
0 0.493229 0.564815 0.016406 0.035648
1 0.487500 0.673148 0.033333 0.107407
2 0.534896 0.574537 0.023958 0.091667
1 0.703385 0.356019 0.022396 0.062037
3 0.762240 0.424074 0.021354 0.077778
2 0.798958 0.262037 0.020833 0.072222
1 0.852083 0.638426 0.031250 0.084259
2 0.837760 0.845833 0.038021 0.115741
