2 0.026302 0.222222 0.022396 0.070370
3 0.597656 0.064815 0.010937 0.048148
2 0.160677 0.508796 0.019271 0.095370
1 0.163542 0.600926 0.025000 0.096296
2 0.332031 0.369444 0.020313 0.077778
1 0.339323 0.422222 0.028646 0.079630
2 0.481510 0.293056 0.018229 0.076852
2 0.288281 0.797685 0.028646 0.110185
0 0.398438 0.554630 0.018229 0.025926
1 0.452083 0.558796 0.025000 0.095370
2 0.437240 0.536574 0.020313 0.086111
1 0.544792 0.429630 0.021875 0.074074
3 0.676042 0.439352 0.016667 0.082407
2 0.723177 0.265741 0.016146 0.070370
1 0.716406 0.701389 0.023438 0.106481
2 0.660417 0.856019 0.028125 0.117593
2 0.986719 0.403241 0.022396 0.082407
