2 0.114583 0.205556 0.017708 0.070370
3 0.695573 0.052778 0.013021 0.051852
2 0.282552 0.461111 0.021354 0.085185
1 0.164323 0.687037 0.030729 0.105556
2 0.395833 0.384259 0.020833 0.079630
1 0.412240 0.393056 0.021354 0.082407
2 0.570833 0.287500 0.015625 0.076852
2 0.419010 0.702778 0.025521 0.094444
0 0.473438 0.615741 0.016406 0.035648
1 0.533073 0.683796 0.042188 0.108333
2 0.576562 0.586574 0.031250 0.095370
1 0.751302 0.350463 0.020313 0.063889
3 0.817708 0.424074 0.030208 0.079630
2 0.835938 0.258333 0.022917 0.068519
1 0.916927 0.627778 0.039062 0.090741
2 0.904687 0.827315 0.044792 0.106481
