2 0.028646 0.221296 0.021875 0.070370
3 0.598437 0.063889 0.010417 0.048148
2 0.162500 0.507407 0.017708 0.096296
1 0.159896 0.606944 0.026042 0.097222
2 0.331510 0.370833 0.020313 0.078704
1 0.338542 0.420370 0.028125 0.079630
2 0.481510 0.293056 0.018229 0.076852
2 0.291146 0.793519 0.029167 0.111111
0 0.419792 0.558333 0.018229 0.025926
1 0.451823 0.564815 0.023438 0.096296
2 0.440104 0.537963 0.020833 0.087037
1 0.554688 0.422222 0.022917 0.074074
3 0.676042 0.438426 0.015625 0.082407
2 0.723437 0.265741 0.015625 0.070370
1 0.717187 0.700000 0.023958 0.105556
2 0.663802 0.856944 0.027604 0.117593
2 0.988802 0.402778 0.021354 0.077778
