2 0.033073 0.219444 0.021354 0.070370
3 0.601562 0.062963 0.010417 0.048148
2 0.167187 0.505556 0.017708 0.096296
1 0.153906 0.614815 0.027604 0.098148
2 0.331250 0.373611 0.019792 0.080556
1 0.337500 0.417130 0.025000 0.080556
2 0.482552 0.293981 0.018229 0.076852
2 0.296354 0.787963 0.031250 0.114815
1 0.451042 0.575000 0.023958 0.098148
2 0.445833 0.539815 0.026042 0.088889
1 0.567448 0.414815 0.024479 0.074074
3 0.677604 0.436574 0.014583 0.082407
2 0.725260 0.267130 0.016146 0.071296
1 0.719010 0.699537 0.024479 0.106481
2 0.672135 0.856944 0.027604 0.117593
2 0.991927 0.404630 0.015104 0.066667
