2 0.090104 0.207407 0.018750 0.070370
3 0.659635 0.054630 0.011979 0.050000
2 0.241927 0.475463 0.022396 0.089815
1 0.130729 0.659259 0.031250 0.105556
2 0.365365 0.380556 0.018229 0.079630
1 0.377865 0.397685 0.021354 0.082407
2 0.532031 0.289352 0.017188 0.076852
2 0.377865 0.723611 0.026562 0.104630
0 0.497135 0.568056 0.015495 0.034028
1 0.477604 0.665741 0.033333 0.109259
2 0.524219 0.572685 0.023438 0.095370
1 0.688281 0.360185 0.025521 0.064815
3 0.748958 0.425000 0.018750 0.079630
2 0.788542 0.262963 0.019792 0.070370
1 0.832552 0.643056 0.030729 0.086111
2 0.817708 0.849074 0.033333 0.116667
