2 0.093229 0.207407 0.018750 0.070370
3 0.663542 0.053704 0.012500 0.050000
2 0.246094 0.473148 0.022396 0.088889
1 0.132812 0.662963 0.031250 0.105556
2 0.368750 0.381481 0.019792 0.079630
1 0.381771 0.395833 0.020833 0.082407
2 0.536198 0.288426 0.017188 0.076852
2 0.383073 0.720833 0.026562 0.104630
0 0.495312 0.564815 0.016406 0.035648
1 0.482552 0.669907 0.034896 0.112037
2 0.528906 0.573611 0.025521 0.095370
1 0.696354 0.358333 0.026042 0.064815
3 0.755729 0.424074 0.017708 0.079630
2 0.793750 0.262037 0.019792 0.072222
1 0.840365 0.640741 0.031771 0.083333
2 0.828385 0.847685 0.033854 0.115741
