2 0.106250 0.206481 0.018750 0.070370
3 0.680990 0.052778 0.010937 0.050000
2 0.264844 0.467593 0.025521 0.087037
1 0.146875 0.675000 0.030208 0.105556
2 0.382031 0.382407 0.020313 0.079630
1 0.399219 0.393981 0.021354 0.082407
2 0.555469 0.289352 0.016146 0.076852
2 0.399740 0.708796 0.024479 0.097222
0 0.487500 0.574537 0.016406 0.027546
1 0.506510 0.678241 0.028646 0.106481
2 0.549740 0.581944 0.028646 0.097222
1 0.725260 0.353704 0.021354 0.062963
3 0.785677 0.424074 0.027604 0.077778
2 0.815885 0.260185 0.022396 0.072222
1 0.885677 0.633333 0.035937 0.087037
2 0.866667 0.838426 0.042708 0.113889
