2 0.055469 0.212037 0.018229 0.070370
3 0.618229 0.057407 0.011458 0.048148
2 0.194010 0.496759 0.025521 0.099074
1 0.132812 0.631481 0.029167 0.101852
2 0.338542 0.377315 0.018750 0.080556
1 0.348177 0.406944 0.023438 0.082407
2 0.493490 0.292130 0.018229 0.076852
2 0.327344 0.756481 0.025521 0.107407
0 0.467708 0.570833 0.010938 0.024306
1 0.451042 0.614815 0.027083 0.105556
2 0.474479 0.554630 0.022917 0.094444
1 0.615365 0.389352 0.020313 0.073148
3 0.692969 0.431944 0.018229 0.080556
2 0.738802 0.266667 0.019271 0.070370
1 0.744010 0.680556 0.030729 0.100000
2 0.714844 0.856944 0.031771 0.117593
