2 0.024740 0.223148 0.022396 0.070370
3 0.598177 0.064815 0.011979 0.048148
2 0.160677 0.510185 0.020313 0.094444
1 0.165885 0.597685 0.024479 0.095370
2 0.332031 0.368056 0.020313 0.076852
1 0.339583 0.423148 0.029167 0.079630
2 0.481510 0.293056 0.018229 0.076852
2 0.287240 0.801389 0.028646 0.112037
0 0.373437 0.550000 0.018229 0.025926
1 0.451823 0.555556 0.026562 0.096296
2 0.436198 0.535648 0.022396 0.086111
1 0.538802 0.436111 0.021354 0.074074
3 0.675781 0.440741 0.017188 0.083333
2 0.722917 0.267130 0.016667 0.071296
1 0.717187 0.701852 0.023958 0.107407
2 0.660156 0.854630 0.028646 0.116667
2 0.986458 0.403241 0.020833 0.082407
