2 0.092188 0.207407 0.018750 0.070370
3 0.662500 0.054630 0.012500 0.050000
2 0.244531 0.474537 0.022396 0.089815
1 0.132292 0.662037 0.031250 0.105556
2 0.367448 0.380556 0.019271 0.079630
1 0.380729 0.396759 0.020833 0.082407
2 0.535156 0.288426 0.017188 0.076852
2 0.381510 0.721759 0.026562 0.104630
0 0.495833 0.565278 0.016406 0.034028
1 0.481250 0.668519 0.034375 0.111111
2 0.527083 0.573611 0.025000 0.095370
1 0.693750 0.359259 0.026042 0.064815
3 0.753385 0.424074 0.018229 0.079630
2 0.791667 0.262500 0.019792 0.071296
1 0.837760 0.641204 0.031771 0.084259
2 0.824479 0.848148 0.033333 0.116667
