2 0.031510 0.220370 0.021354 0.070370
3 0.600521 0.062963 0.010417 0.048148
2 0.165625 0.506481 0.017708 0.096296
1 0.156250 0.612037 0.027083 0.098148
2 0.331250 0.372222 0.019792 0.079630
1 0.338021 0.418056 0.026042 0.080556
2 0.482552 0.293056 0.018229 0.076852
2 0.294271 0.789815 0.030208 0.112963
1 0.451562 0.570833 0.023958 0.097222
2 0.444010 0.539352 0.024479 0.087963
1 0.563021 0.417593 0.023958 0.074074
3 0.677344 0.437500 0.015104 0.082407
2 0.724740 0.266204 0.016146 0.071296
1 0.718490 0.699537 0.024479 0.106481
2 0.669531 0.856944 0.027604 0.117593
2 0.990885 0.403704 0.017188 0.070370
