2 0.038281 0.216667 0.021354 0.070370
3 0.604948 0.062037 0.009896 0.048148
2 0.172917 0.503704 0.017708 0.096296
1 0.147396 0.625926 0.029167 0.100000
2 0.331250 0.377778 0.019792 0.083333
1 0.336719 0.412963 0.022396 0.081481
2 0.484115 0.295370 0.018229 0.077778
2 0.302344 0.782407 0.032813 0.118519
1 0.450781 0.586574 0.024479 0.100926
2 0.452604 0.543056 0.032292 0.091667
1 0.582031 0.406019 0.026562 0.073148
3 0.679688 0.434259 0.013542 0.081481
2 0.727865 0.268519 0.017188 0.072222
1 0.721094 0.699074 0.025521 0.107407
2 0.681771 0.857407 0.027083 0.116667
