2 0.104167 0.206481 0.018750 0.070370
3 0.677604 0.053241 0.010417 0.049074
2 0.261458 0.468981 0.025000 0.087963
1 0.143750 0.673148 0.030208 0.105556
2 0.379167 0.382407 0.019792 0.079630
1 0.395833 0.393981 0.020833 0.082407
2 0.552083 0.289352 0.016667 0.076852
2 0.395573 0.709722 0.023438 0.097222
0 0.489844 0.568981 0.013672 0.021065
1 0.500781 0.677778 0.029687 0.105556
2 0.546354 0.580093 0.026042 0.093519
1 0.716406 0.353704 0.019271 0.061111
3 0.778906 0.424537 0.026562 0.076852
2 0.810937 0.261111 0.021875 0.072222
1 0.870052 0.636111 0.034896 0.085185
2 0.858073 0.840741 0.043229 0.114815
