2 0.065625 0.209259 0.018750 0.070370
3 0.632031 0.055556 0.011979 0.048148
2 0.209896 0.487500 0.019792 0.093519
1 0.125000 0.637037 0.031250 0.105556
2 0.342969 0.377778 0.018229 0.079630
1 0.355469 0.403241 0.024479 0.082407
2 0.504427 0.290278 0.018229 0.076852
2 0.344010 0.744444 0.027604 0.103704
0 0.479427 0.575000 0.011849 0.022685
1 0.457031 0.632870 0.031771 0.108333
2 0.489063 0.560648 0.020833 0.097222
1 0.636719 0.376389 0.019271 0.065741
3 0.705208 0.430556 0.027083 0.079630
2 0.752083 0.266667 0.021875 0.072222
1 0.774479 0.668519 0.027083 0.103704
2 0.741406 0.856481 0.035937 0.118519
