2 0.034635 0.218519 0.021354 0.070370
3 0.602604 0.062037 0.010417 0.048148
2 0.168750 0.505556 0.017708 0.096296
1 0.152083 0.618056 0.028125 0.099074
2 0.331250 0.375000 0.019792 0.081481
1 0.337240 0.415278 0.024479 0.080556
2 0.483073 0.293981 0.018229 0.076852
2 0.298177 0.786574 0.031771 0.115741
1 0.451042 0.578241 0.023958 0.099074
2 0.447917 0.541204 0.028125 0.089815
1 0.571354 0.412037 0.025000 0.074074
3 0.678125 0.436574 0.014583 0.082407
2 0.726042 0.267130 0.016667 0.071296
1 0.719792 0.699537 0.025000 0.106481
2 0.675000 0.857870 0.027083 0.117593
2 0.992448 0.404167 0.014063 0.063889
