2 0.053385 0.212963 0.018229 0.070370
3 0.616406 0.058333 0.010937 0.048148
2 0.191667 0.498148 0.025000 0.098148
1 0.134115 0.629630 0.031771 0.100000
2 0.337500 0.377778 0.018750 0.081481
1 0.346615 0.407870 0.023438 0.082407
2 0.492448 0.292130 0.018229 0.076852
2 0.323958 0.758796 0.025000 0.108333
0 0.464844 0.570833 0.011849 0.021065
1 0.449740 0.611574 0.027604 0.104630
2 0.471094 0.555093 0.023438 0.093519
1 0.610938 0.392130 0.019792 0.073148
3 0.691146 0.432870 0.017708 0.080556
2 0.737500 0.266667 0.018750 0.070370
1 0.740365 0.682870 0.028646 0.100926
2 0.709896 0.856944 0.033333 0.117593
