2 0.088021 0.208333 0.018750 0.070370
3 0.656510 0.054167 0.011979 0.049074
2 0.238542 0.476389 0.021875 0.089815
1 0.129688 0.657407 0.031250 0.105556
2 0.363021 0.380556 0.017708 0.079630
1 0.375260 0.398611 0.021354 0.082407
2 0.529427 0.289352 0.017188 0.076852
2 0.374740 0.725463 0.026562 0.104630
0 0.498698 0.570370 0.015495 0.032407
1 0.473698 0.662037 0.031771 0.107407
2 0.521615 0.572222 0.022396 0.094444
1 0.682813 0.362037 0.025000 0.064815
3 0.744792 0.425463 0.019792 0.078704
2 0.784896 0.263889 0.019792 0.070370
1 0.827083 0.644907 0.030208 0.087963
2 0.810937 0.850000 0.033333 0.116667
