2 0.108854 0.205556 0.018750 0.070370
3 0.684635 0.053241 0.011979 0.050926
2 0.268229 0.466667 0.026042 0.087037
1 0.149479 0.676852 0.030208 0.105556
2 0.384115 0.383333 0.020313 0.079630
1 0.402344 0.393056 0.021354 0.082407
2 0.559115 0.289352 0.016146 0.076852
2 0.404687 0.708796 0.026042 0.097222
0 0.484375 0.584259 0.016406 0.032407
1 0.512240 0.678241 0.027604 0.108333
2 0.553385 0.584259 0.031771 0.100000
1 0.730469 0.353241 0.022396 0.063889
3 0.792448 0.423611 0.028646 0.078704
2 0.820573 0.260185 0.022396 0.072222
1 0.893750 0.632870 0.036458 0.087963
2 0.874740 0.837037 0.042188 0.112963
