2 0.027083 0.222222 0.021875 0.070370
3 0.597396 0.063889 0.010417 0.048148
2 0.161198 0.507407 0.018229 0.096296
1 0.161719 0.603704 0.025521 0.096296
2 0.331510 0.369444 0.020313 0.077778
1 0.338802 0.421296 0.028646 0.079630
2 0.480990 0.293056 0.018229 0.076852
2 0.289323 0.794444 0.028646 0.109259
0 0.419792 0.557407 0.018229 0.025926
1 0.451823 0.561574 0.023438 0.095370
2 0.438021 0.537500 0.018750 0.086111
1 0.550260 0.425463 0.022396 0.075000
3 0.675521 0.439352 0.015625 0.082407
2 0.722656 0.264815 0.015104 0.070370
1 0.716406 0.700000 0.023438 0.105556
2 0.661458 0.856019 0.028125 0.117593
2 0.987240 0.402315 0.023438 0.082407
