2 0.023438 0.223148 0.022917 0.070370
3 0.598698 0.065741 0.013021 0.048148
2 0.160677 0.511574 0.021354 0.093519
1 0.166927 0.594907 0.025521 0.095370
2 0.332031 0.368056 0.020313 0.076852
1 0.340104 0.424074 0.029167 0.079630
2 0.482031 0.293056 0.018229 0.076852
2 0.285938 0.804630 0.028125 0.112963
0 0.366146 0.549537 0.018229 0.024306
1 0.452083 0.553241 0.028125 0.097222
2 0.435677 0.534259 0.024479 0.085185
1 0.536719 0.436111 0.025521 0.074074
3 0.676302 0.441667 0.018229 0.083333
2 0.723437 0.268056 0.017708 0.071296
1 0.717708 0.703241 0.023958 0.108333
2 0.659635 0.854630 0.028646 0.116667
2 0.985677 0.403241 0.019271 0.082407
