2 0.044531 0.214815 0.019271 0.070370
3 0.609375 0.060185 0.010417 0.048148
2 0.182031 0.502778 0.022396 0.096296
1 0.140104 0.625463 0.034375 0.097222
2 0.333594 0.377315 0.019271 0.082407
1 0.340625 0.411111 0.022917 0.081481
2 0.487240 0.293981 0.018229 0.076852
2 0.310156 0.771296 0.026562 0.112963
1 0.447135 0.597685 0.027604 0.102778
2 0.458854 0.550463 0.027083 0.091667
1 0.593750 0.400926 0.020833 0.072222
3 0.684115 0.434259 0.015104 0.081481
2 0.731250 0.267130 0.016667 0.069444
1 0.727865 0.693056 0.024479 0.104630
2 0.690885 0.857870 0.033854 0.117593
